16.36	-99.52
16.55	-98.75
16.51	-99.5
16.27	-99.53
17.41	-100.71
18.14	-100.91
18.3	-100.59
18.23	-100.09
17.08	-101.17
17.01	-100.86
18.27	-100.68
17.78	-100.02
17.99	-101.41
16.32	-99.28
16.73	-100.21
16.43	-99.25
16.42	-99.41
17.39	-100.96
18.02	-101.61
18.61	-100.05
17.45	-101.2
17.5	-101.22
16.98	-99.01
17.09	-100.22
16.32	-99.43
17.94	-100.95
16.85	-99.58
16.67	-99.63
16.55	-100.01
16.71	-99.79
16.19	-100.25
17.9	-100.38
18.38	-100.78
17.48	-101.3
16.88	-100.14
16.83	-100
17.08	-101.13
16.97	-99.83
17.96	-101.1
16.88	-100.13
16.66	-100.12
17.37	-101.56
16.84	-102.1
17.07	-99.95
17.38	-100.44
16.98	-100.17
17.34	-100.87
16.87	-99.03
18.3	-100.99
16.83	-100.42
16.75	-99.89
16.77	-99.93
15.99	-98.95
16.86	-100.13
18.32	-100.58
17.12	-100.33
16.75	-99.95
18.02	-99.49
16.53	-99.66
17.41	-101.38
16.57	-100.82
16.84	-100.76
16.91	-100.83
16.65	-100.56
16.96	-100.74
16.61	-100.78
16.83	-100.77
16.69	-100.73
16.92	-100.61
17.02	-100.5
16.75	-100.76
16.82	-100.73
16.86	-100.79
16.55	-100.49
17.1	-100.51
17.76	-101.71
17.43	-101.65
17.46	-101.62
17.46	-100.93
17.72	-98.4
17.9	-101.57
16.52	-98.49
16.96	-98.98
16.68	-99.68
16.99	-100.18
17.11	-100.55
16.81	-100.1
16.32	-98.85
18.39	-100.28
16.8	-100.21
16.8	-100.2
16.69	-99.77
16.47	-100.2
16.16	-98.68
16.2	-98.65
16.16	-99.28
16.6	-100.45
16.74	-99.68
16.74	-99.66
16.68	-99.68
16.71	-99.68
16.17	-100.92
16.39	-98.83
17.54	-101.34
17.06	-100.09
17	-99.82
15.89	-99.6
16.54	-99.49
17.81	-99.16
16.86	-99.91
17.01	-100.52
17.01	-100.52
17.08	-99.5
17.01	-100.51
16.96	-100.53
16.98	-100.53
16.92	-100.31
17.36	-100.24
16.79	-100.08
17.71	-99.56
16.88	-100.21
16.54	-99.73
17.87	-101.56
16.76	-100.09
16.53	-99.18
16.8	-100.63
17.08	-101.55
18.09	-100.62
17.84	-100.21
17.37	-100.06
16.85	-100.41
17.02	-101.59
16.71	-99.77
16.08	-98.77
18.33	-100.62
18.07	-100.65
17.98	-100.33
17.95	-101.62
17.99	-101.52
16.92	-100.4
17	-100.54
17.12	-100.97
16.97	-99.2
16.8	-100.12
17.9	-101.67
17.09	-99.79
16.18	-98.81
16.91	-100.32
16.33	-98.85
17.07	-99.73
16.34	-98.47
16.57	-100.43
16.87	-100.36
17.78	-101.29
16.33	-99.37
16.46	-98.41
16.23	-98.79
17.04	-100.77
16.74	-101.8
16.84	-100.04
16.28	-98.72
17.91	-100.17
17	-99.94
17.18	-100.45
18.31	-100.82
17.26	-101.25
16.73	-99.19
17.22	-100.97
17.29	-101.15
17.51	-101.06
17.23	-101.24
17.26	-101.14
17.49	-101.8
16.97	-100.45
16.65	-98.42
16.9	-100.38
16.81	-99.78
16.34	-98.47
16.56	-100.42
17.31	-101.2
17.17	-101.29
16.5	-99.55
17.21	-101.19
17.4	-100.33
17.03	-99.98
18.15	-99.31
17.41	-101.04
16.93	-99.5
17.4	-101.23
17.12	-101.32
16.64	-99.67
17.11	-101.25
16.14	-98.83
16.67	-100.54
17.41	-101.46
17.02	-100.28
17.12	-100.45
16.69	-98.32
16.93	-100.08
16.91	-99.53
16.4	-99.53
17.35	-100.2
16.95	-99.45
17.35	-100.93
16.61	-99.75
16.73	-99.76
17.11	-101.22
16.67	-99.27
17.07	-100.85
16.53	-100.4
16.63	-100.4
16.67	-100.08
16.53	-99.51
17.79	-101.42
16.97	-100.16
18	-101.75
17.82	-99.9
16.71	-99.48
17.05	-99.53
16.07	-98.34
16.4	-99.58
16.11	-99.64
17.17	-101.16
16.86	-98.46
17.97	-101.74
17.03	-100.05
17.34	-101
16.66	-99.86
17.37	-101.05
16.86	-100.51
17.93	-99.97
17.16	-100.26
16.87	-98.59
16.88	-100.36
18.13	-100.01
16.97	-100.64
17.16	-101.25
16.9	-100.19
16.65	-99.08
16.22	-99.37
16.52	-98.34
16.84	-99.61
18.58	-99.84
16.91	-100.73
17.29	-99.84
17.17	-100.02
16.38	-98.7
16.36	-98.46
17.31	-100.66
17.15	-100.78
16.98	-99
16.77	-100.12
17.36	-100.43
17.1	-100.21
16.68	-99.65
17.01	-100.34
17.04	-100.49
16.97	-100.47
17.11	-101.13
17.03	-99.95
17.86	-99.98
16.96	-100.56
17.29	-100.32
16.93	-100.51
17.11	-100
16.68	-99.69
17.01	-100.52
17.24	-101.3
17.17	-100.39
16.72	-99.54
16.4	-99.06
16.31	-99.35
18.08	-101.66
17.17	-99.56
16.87	-100.3
18.09	-100.35
16.4	-99.85
16.76	-99.89
17.29	-100.95
17.11	-99.52
16.62	-101.49
17.06	-100.58
17.13	-100.05
17.11	-101.2
16.72	-99.94
17.23	-101.11
17.11	-101.19
18.3	-100.14
16.68	-98.37
16.38	-98.51
17.2	-101.28
17.15	-101.13
17.97	-101.37
16.73	-100.16
16.73	-99.55
17.91	-100.16
17.85	-101.31
17.21	-99.68
17.13	-100.44
18.32	-100.99
16.71	-99.74
16.27	-99.62
16.93	-100.32
17.06	-101.15
16.56	-98.47
16.85	-100.17
16.84	-100.19
17.22	-101.44
17.74	-100.55
16.66	-99.3
16.8	-99.19
16.61	-99.83
16.31	-98.46
17.3	-99.26
17.93	-101.5
16.65	-100.08
16.78	-99.35
17.81	-101.25
16.85	-99.77
16.94	-100.18
17.07	-99.26
16.91	-100.03
17.41	-99.62
16.81	-100.39
17.24	-101.25
16.7	-99.7
16.15	-98.8
16.47	-98.44
16.75	-99.73
17.06	-100.48
17.37	-101.1
16.88	-99.86
17.07	-99.59
16.8	-100.2
17.9	-100.33
16.66	-99.74
18.45	-100.22
17.33	-100.84
17.06	-100.1
16.3	-98.53
17.23	-100.26
17.33	-100.8
17.08	-101.16
16.47	-98.51
17.94	-99.49
16.67	-99.75
17.23	-99.63
18.15	-100.88
16.7	-99.67
16.44	-99.35
18.04	-100.45
16.87	-100.16
16.44	-99.75
16.94	-100.24
17.7	-101.54
17.17	-100.57
16.79	-99.76
16.75	-99.29
16.5	-98.37
17.28	-101.62
17.28	-100.34
16.28	-100.61
16.77	-102.1
16.46	-99.02
18.39	-100.2
18.05	-100.54
18.34	-100.1
16.59	-98.43
17.19	-98.49
17.4	-101.77
17.49	-101.91
16.6	-100.46
16.34	-98.47
16.18	-98.69
16.72	-99.36
18.01	-100.51
17.54	-101.29
17.9	-99.45
16.28	-98.51
16.4	-98.82
16.93	-98.48
17.3	-99.3
17.14	-99.17
16.93	-99.41
16.43	-99.34
16.94	-99.9
16.91	-98.26
16.78	-100.27
17.08	-100.21
16.47	-98.29
17.03	-99.84
17.4	-98.85
16.31	-99
16.34	-98.85
16.83	-100
16.9	-99.82
16.8	-99.73
16.73	-99.7
17.12	-100.62
16.44	-98.9
16.43	-98.95
17.31	-101.31
18.09	-101.1
17.91	-99.93
16.66	-99.76
16.49	-98.5
17.32	-100.93
16.38	-99.78
17.39	-101.07
16.85	-99.71
17.35	-100.25
18.22	-100.91
16.95	-101.11
16.48	-99.04
17.92	-100.03
17.03	-100.14
16.68	-99.67
18.01	-100.53
16.97	-99.68
17.01	-99.8
16.53	-99.72
16.47	-99.17
18.12	-100.45
17.12	-100.15
16.89	-100.11
17.08	-101.13
17.69	-100.5
16.5	-99.26
17.15	-101.25
17.91	-100.4
17.9	-101.58
16.39	-98.53
16.45	-98.47
17.81	-101.81
17.05	-100.45
16.95	-100.15
16.33	-98.72
16.26	-98.81
17	-100.22
16.69	-99.68
16.67	-99.68
16.88	-100.18
16.84	-100.31
17.34	-101.6
17.49	-100.75
18.15	-100.35
16.72	-98.43
17.99	-100.62
17.16	-101.48
17.16	-99.77
17.14	-101.47
17.84	-100.85
17.07	-99.86
16.5	-98.48
16.56	-98.48
17.16	-100.2
16.67	-99.08
16.65	-99.06
17.07	-100
16.95	-98.91
17.96	-100.6
17.3	-100.56
16.09	-99.53
17.02	-99.27
17.67	-101.13
18.03	-101.73
17.35	-101.25
16.97	-100.4
17.21	-100.21
17.17	-101.44
16.47	-99.07
16.17	-98.82
18.19	-101.54
17.51	-101.24
17.74	-101.41
17.28	-99.91
17.3	-101.66
17.13	-100.05
17.77	-100.26
17.01	-99.85
16.67	-99.39
17.14	-101
17.2	-101.15
18.13	-99.97
17.07	-100.14
16.5	-99.03
17.99	-100.24
16.46	-98.29
16.9	-99.78
17.11	-99.71
17.92	-101.1
16.43	-99.3
18.07	-99.8
17.92	-98.95
16.91	-100.1
17.25	-100.55
17.17	-100.25
16.68	-99.69
16.96	-100.5
16.71	-99.13
16.77	-99.69
17	-99.48
17.2	-100.52
16.77	-99.42
17.31	-100.47
18.1	-100.36
16.86	-99.31
17.21	-99.87
16.62	-99.87
16.73	-99.93
17.21	-100.48
18.05	-99.61
16.89	-100.37
17.36	-100.57
18.09	-100.44
16.72	-99.7
17.5	-101.18
16.87	-99.42
16.86	-100.25
16.42	-99.33
18.01	-99.89
16.43	-98.46
17.82	-98.42
18.14	-100.55
16.43	-100.96
17.18	-100.8
17.11	-100.41
17.18	-101.12
17.71	-101.27
16.69	-98.09
17.24	-99.52
16.76	-99.7
17.22	-100.49
17.24	-100.39
16.95	-101.58
18.1	-101.67
18.15	-100.62
17.29	-101.07
18.05	-99.78
17.04	-100.42
17.39	-101.38
17.1	-99.88
16.64	-99.66
16.68	-99.65
18.23	-100.02
15.89	-98.97
15.94	-98.98
18.23	-100.24
16.95	-98.82
16.62	-99.32
18.06	-99.34
17.22	-99.97
16.9	-100.44
17	-100.6
17.02	-99.64
18.08	-101.33
16.9	-98.68
16.91	-100.01
16.87	-100.25
17.29	-100.76
17.08	-99.98
17.82	-100.09
17.78	-100.08
16.6	-99.35
17.8	-101.43
16.81	-100.18
16.36	-99.4
18.22	-100.47
17.82	-101.29
17.69	-101.36
17.77	-101.38
16.5	-100.68
16.89	-100.46
16.79	-100.12
16.87	-100.1
17.93	-101.35
16.7	-98.46
18.01	-101.46
15.68	-99.43
17.31	-100.86
16.9	-99.69
16.83	-100.13
16.64	-99.66
16.15	-99.62
16.69	-99.73
17.28	-100.02
16.82	-99.71
17.88	-99.97
17.66	-101.22
17.75	-101.77
17.28	-100.3
17.18	-100.15
17	-100.2
17.42	-101.32
16.89	-99.3
17.06	-99.99
16.42	-98.36
16.86	-100.26
18.12	-100.23
16.18	-98.61
16.67	-101.08
17.26	-99.76
16.37	-99.24
17.1	-99.98
17.03	-98.89
16.78	-98.48
17.89	-101.43
17.81	-101.58
17.34	-101.13
17.12	-101.25
17.14	-101.3
18.16	-100.27
17.82	-101.45
17.81	-101.45
16.43	-98.38
18.07	-99.7
16.69	-98.6
16.35	-99.47
17.38	-100.99
17.29	-102.06
17.29	-102.12
17.48	-100.96
17.39	-101.03
16.24	-99.48
17.36	-100.56
16.74	-98.49
17.42	-101.76
17.25	-100.63
17.87	-100.52
17.8	-100.59
16.54	-98.46
17.16	-99.95
17.14	-101.25
17.29	-101.23
16.21	-99.45
16.48	-98.48
16.84	-100.33
16.79	-100.68
17.28	-101.11
17.34	-101.37
17.89	-99.89
17.25	-100.25
18.1	-100.22
18.08	-100.47
18.05	-100.91
17.8	-101.7
16.76	-99.71
16.72	-98.66
16.42	-98.52
18.02	-99.84
17.18	-101.24
16.93	-99.22
17.25	-101.08
17.65	-99.69
17.13	-101.89
16.54	-100.56
17.73	-101.41
17.19	-100.51
17.47	-100.61
17.7	-101.17
16.85	-99.85
18.01	-100.72
17.25	-99.91
16.59	-100.42
16.62	-100.51
16.36	-99.25
16.83	-100.11
16.03	-99.06
16.17	-99.11
16.61	-98.94
16.63	-98.89
16.87	-100.22
16.91	-100.17
16.96	-100.15
18.33	-100.78
16.87	-100.22
17.07	-100.19
16.91	-100.25
16.18	-98.67
17.08	-100.25
18.04	-99.71
17.16	-99.85
16.36	-98.56
17.09	-101.39
16.42	-100.05
17.41	-101.09
16.23	-99.36
16.28	-99.33
17.04	-100.63
17.9	-100.04
17.85	-101.66
16.85	-100.26
17.06	-100.6
17.24	-101.22
18.21	-101.56
17.67	-101.22
16.81	-100.23
16.63	-100.35
17.7	-101.01
16.69	-99.65
17.05	-99.09
16.89	-100.4
16.61	-99.76
16.46	-99.04
16.8	-98.61
16.45	-98.43
16.74	-99.99
17.3	-101.23
18.2	-100.67
18.33	-100.92
17.45	-100.93
18.12	-101.68
16.94	-99.84
16.51	-98.47
17.96	-100.62
16.58	-99.72
17.03	-100.27
16.54	-100.41
15.89	-98.95
17.04	-100.21
17.07	-98.79
16.51	-98.96
16.81	-101.43
17.01	-100.21
16.8	-99.95
16.66	-100.16
18.02	-100.47
16.71	-99.93
18.13	-100.69
17.74	-100.53
17.04	-100.12
16.61	-98.97
16.72	-99.74
16.71	-99.73
16.82	-99.68
16.93	-99.57
18.14	-100.49
17.01	-100.19
16.93	-100.25
16.87	-102.24
17.76	-101.3
16.69	-99.75
16.68	-99.75
16.7	-99.74
18.42	-99.55
16.69	-99.74
18	-100.62
18.21	-100.98
17.69	-101.28
17.94	-99.4
17.5	-101.17
17.31	-100.75
17.76	-99.1
16.6	-98.45
16.53	-99.81
17.72	-101.48
16.8	-100.11
16.42	-99.6
16.39	-99.68
16.37	-99.56
16.57	-99.23
17.13	-99.13
16.2	-99.31
16.37	-99.65
16.22	-99.42
16.35	-99.71
16.38	-99.36
16.28	-99.41
16.17	-99.47
16.06	-99.41
16.7	-99.12
17.32	-101.31
16.2	-99.43
16.05	-99.38
17.12	-100.97
16.73	-99.73
17.79	-101.29
18.02	-101.75
17.32	-100.84
16.7	-98.57
16.88	-100.79
16.97	-100.06
16.64	-99.72
16.92	-100.07
17.48	-101.77
15.7	-99.26
18.07	-101.57
18.03	-100.55
17.24	-100.14
17.37	-101
17.34	-101.27
16.49	-99.06
17.45	-101.39
16.32	-99.63
17.81	-101.43
16.53	-99.29
16.49	-98.3
17.7	-101.25
16.8	-100.1
17.17	-99.78
16.46	-98.29
17.59	-101.26
17.81	-101.58
17.36	-101.23
16.71	-99.69
16.7	-99.69
16.68	-99.7
16.7	-99.69
16.9	-100.83
16.71	-99.7
16.74	-99.65
16.69	-99.69
16.69	-99.69
16.7	-99.7
16.74	-98.38
16.51	-98.52
16.55	-98.46
17	-99.99
16.7	-99.69
17.12	-99.27
17.74	-100.22
18.37	-100.81
18.13	-99.79
16.65	-99.68
16.7	-99.64
17.21	-100.05
16.49	-99.59
16.61	-98.91
16.56	-98.92
16.64	-98.88
16.6	-98.83
16.65	-98.89
16.99	-100.11
16.62	-98.89
17.41	-101.03
16.65	-98.9
16.7	-99.7
17.23	-100.86
16.64	-98.89
16.67	-98.86
18	-100.5
16.8	-100.13
17.69	-101.51
16.65	-98.88
16.64	-98.27
16.69	-98.86
16.65	-98.85
16.64	-98.86
17.77	-99.73
16.66	-98.88
17.25	-100.52
17.89	-101
16.62	-98.78
17.9	-98.4
16.38	-98.84
16.83	-99.87
17.89	-101.09
17.52	-101.2
16.68	-98.5
16.64	-98.89
16.67	-99.1
16.81	-100.49
16.99	-99.55
16.66	-98.88
17.93	-101.54
16.55	-100.93
16.81	-99.25
16.6	-99.67
16.97	-100.22
17.09	-99.28
17.78	-100.33
17.95	-100.46
17.6	-101.06
17.49	-101.13
16.66	-98.82
16.79	-99.89
17.91	-101.68
16.89	-100.27
16.81	-99.68
16.96	-100.38
16.38	-98.43
18.4	-100.44
17.15	-100.21
17.26	-101.25
16.86	-99.6
16.9	-99.73
17.95	-101.18
17.61	-101.51
17.35	-100.93
17.17	-100.25
16.59	-99.3
17.02	-100.1
17.41	-99.45
17.21	-99.77
17.55	-98.78
17.83	-101.38
17.32	-100.76
18.01	-99.6
16.11	-98.97
16.31	-99.37
16.65	-98.91
17	-100.03
17.16	-100.08
17.73	-101.89
18.02	-101.76
17.08	-100.03
16.81	-100.16
17.04	-100.65
17.9	-100.04
16.64	-98.17
17.27	-101.62
16.51	-98.32
16.98	-98.64
17.12	-101.16
17.17	-101.14
16.54	-98.44
17.25	-100.44
16.77	-98.5
17.16	-101.15
16.9	-100.52
17.02	-99.95
16.6	-98.87
17.19	-100.35
16.62	-98.8
17.28	-101.34
16.5	-98.58
16.92	-99.93
16.68	-99.41
17.37	-101.33
16.48	-98.44
16.85	-98.28
16.24	-98.67
16.5	-98.48
17.92	-99.6
16.6	-98.44
16.76	-99.79
16.48	-100.09
17.33	-101.2
15.84	-99.81
16.92	-99.6
16.87	-100.08
17.4	-100.31
16.92	-99.58
16.34	-98.42
16.49	-99.68
17.41	-101.46
16.55	-98.29
17.24	-100.19
16.29	-98.49
17.02	-99.82
16.86	-100.36
16.68	-100.05
16.88	-100.38
17.03	-99.7
17.34	-101.21
17.68	-101.17
17.73	-100.89
17.05	-101.33
16.3	-98.5
16.5	-98.48
15.92	-99.07
17.42	-101.62
16.54	-98.98
17.14	-100.38
17.59	-101.38
16.65	-98.44
16.68	-99.68
16.79	-100.12
17.15	-100.49
17.2	-100.5
18.01	-100.16
17.24	-101
16.95	-100.8
17.6	-101.14
16.93	-99.92
17.78	-101.41
16.94	-100.13
16.99	-100.16
16.87	-99.48
17.69	-101.06
18.05	-101.7
17.29	-101.2
16.83	-100.12
17.38	-101.11
16.62	-98.39
17.22	-100.29
16.58	-100.38
16.72	-99.53
17.58	-100.37
18.28	-100.15
16.64	-98.86
16.48	-98.34
16.63	-98.9
17.45	-100.84
16.62	-99.52
17.6	-101.22
16.55	-98.69
17.33	-100.78
17.48	-101.33
17.15	-101.09
16.69	-99.47
17.18	-100.06
17.03	-100.11
17.33	-101.31
17.86	-101.53
16.6	-98.89
16.76	-98.99
18.03	-99.98
16.73	-99.55
16.75	-99.72
17.65	-101.29
16.7	-98.11
16.6	-99.38
18.21	-100.61
16.44	-99.96
16.2	-100.08
17.49	-100.89
16.51	-98.39
16.98	-100.02
16.74	-99.66
16.92	-100.11
16.81	-100.6
18.18	-100.15
16.69	-99.03
18.27	-100.65
16.57	-98.94
17.13	-101.35
16.42	-98.4
16.52	-98.49
16.73	-99.7
17.51	-101.28
16.98	-100.12
16.58	-98.94
16.74	-99.72
16.93	-100.61
16.85	-100.61
16.84	-100.61
16.83	-100.64
17.08	-100.08
16.19	-98.86
16.45	-98.33
17.88	-101.44
16.89	-100.61
17.1	-101.23
16.29	-98.47
17.23	-101.19
17.71	-101.32
16.75	-100.64
17.18	-101.22
16.57	-98.46
17.03	-100.6
17.12	-100.2
17.53	-101.32
16.54	-98.64
17.43	-101.39
16.93	-100.6
16.83	-100.62
18	-100.6
16.9	-100.36
16.93	-100.46
17.11	-99.84
16.42	-98.34
16.9	-100.65
16.71	-100.05
16.91	-99.58
16.91	-100.03
17.26	-101.22
17.97	-101.46
16.72	-100.64
16.98	-100.12
16.38	-99.77
16.6	-99.33
16.79	-100.3
17.03	-100.64
18.13	-100.34
17.09	-100.16
16.25	-99.14
16.47	-98.7
17.78	-101.83
16.57	-98.47
16.88	-100.85
17.88	-100.13
16.87	-100.09
16.48	-98.52
16.12	-98.81
17.33	-101.34
17.98	-100.25
16.91	-100.18
17.5	-101.92
17.06	-100.02
17.28	-101.2
18.4	-99.77
17	-100.02
17.01	-99.89
16.94	-100.34
17.23	-100.21
17.48	-100.85
16.63	-99.43
16.09	-99.64
17.04	-100.11
17.51	-101.39
17.25	-100.75
17.34	-101.26
16.71	-98.98
17.92	-100.75
18.03	-99.83
16.36	-98.87
16.92	-99.93
16.34	-98.88
16.9	-99.96
16.47	-98.51
16.52	-98.47
17.69	-101.37
16.67	-99.44
16.82	-100.27
16.4	-98.49
16.53	-98.66
16.88	-100.11
16.31	-99.62
16.56	-98.44
16.47	-98.48
16.79	-99.62
17.33	-100.75
16.87	-100.15
16.9	-100.17
16.88	-100.29
16.45	-98.54
18	-101.74
17.55	-101.21
17.39	-99.28
16.43	-98.51
17.23	-101.22
16.61	-99.44
16.76	-100.48
17.1	-100.63
17.07	-99.58
17.69	-101.2
17.66	-101.08
18.23	-100.95
16.99	-100.1
17	-100.1
16.93	-100.14
17	-100.11
16.98	-100.11
16.74	-99.74
16.73	-99.73
16.72	-99.73
16.75	-99.71
16.73	-99.74
16.73	-99.73
16.97	-99.58
16.71	-99.74
16.48	-99.65
17.27	-101.18
16.96	-100.13
15.93	-100.01
17.07	-100.13
17.9	-99.71
17.19	-99.6
17.02	-100.11
18.22	-100
17.01	-99.98
16.94	-100.38
16.22	-99.38
16.98	-100.09
16.6	-100.34
16.96	-100.14
17.05	-100.13
16.56	-98.39
16.7	-99.68
18.13	-101.69
18.02	-101.63
16.97	-100.29
17.17	-100.79
16.56	-98.42
16.74	-99.67
17.08	-100.1
16.48	-98.53
17.88	-101.3
17.83	-101.25
17.18	-99.94
17.02	-100.1
16.93	-100.13
17	-100.08
17.36	-101.22
17.91	-101.71
17.13	-100.24
16.71	-99.35
16.74	-99.71
17.13	-99.3
18.08	-100.16
16.65	-99.73
16.58	-99.6
17.08	-99.97
16.96	-100.07
17.01	-100.07
17.03	-100.08
16.83	-99.27
18.13	-100.28
17.22	-100.29
18.17	-101.13
16.53	-99.35
17.2	-99.83
17.03	-100.11
17.71	-101.15
16.81	-99.67
17.16	-101.21
17.34	-100.6
16.52	-98.39
16.96	-99.63
18.09	-100.33
17.73	-101.35
17.91	-101.49
18	-100.74
16.43	-98.43
16.94	-99.47
17.1	-100.29
17.43	-101.62
18.03	-100.71
17.61	-99.43
17.27	-101.39
17	-100.09
16.98	-100.39
17.38	-101.37
16.34	-98.52
16.86	-100.19
17.25	-100.18
16.67	-101.97
17.12	-99.6
16.38	-99.53
16.62	-99.44
16.47	-99.57
18.09	-100.55
16.38	-99.49
16.44	-99.49
16.45	-99.46
16.21	-99.56
16.39	-99.49
16.39	-99.52
17.72	-101.39
16.96	-99.61
16.42	-99.48
17.16	-99.23
16.92	-99.65
16.45	-98.37
17.04	-99.36
17.28	-99.62
16.67	-100.01
17.08	-100.08
16.44	-98.43
17.2	-101.01
17.08	-100.86
16.03	-99.17
17.14	-99.62
17.08	-100.06
18.12	-99.88
17.13	-99.95
17.88	-99.51
16.95	-100.17
17.97	-100.27
16.98	-98.95
16.91	-100.14
16.89	-99.25
16.81	-100.14
17.16	-99.85
16.86	-100.04
16.91	-100.36
16.85	-99.57
16.63	-99.61
18.05	-100.41
16.49	-98.48
16.97	-100.17
16.2	-98.69
17.49	-101.81
17.22	-100.38
16.04	-99.78
16.57	-101.08
17.1	-101.6
16.65	-99.62
17.3	-101.45
16.89	-99.64
16.41	-99.57
17.02	-100.11
17.45	-101.71
17.19	-99.77
17.99	-99.98
18.02	-99.67
16.97	-100.48
17.06	-100.47
16.99	-99.7
18.03	-100.43
17.36	-101.01
16.71	-99.36
16.81	-100.72
16.97	-100.22
16.93	-99.67
17.87	-99.77
17.08	-100.13
18.06	-100.58
17.01	-99.61
18.25	-99.9
16.71	-99.48
16.35	-99.42
16.82	-100.25
17.31	-100.22
16.9	-100.26
16.86	-100.26
16.89	-100.28
17.09	-101.46
17.54	-101.24
16.82	-99.18
17.1	-100.26
18.2	-101.04
16.51	-98.48
17.34	-101.21
17.71	-100.68
17.24	-100.05
16.95	-100.47
17.94	-101.47
16.87	-100.28
18.16	-100.61
16.92	-99.48
18.13	-100.45
17.07	-98.9
18.01	-101.6
17.53	-101.97
16.76	-99.47
17.95	-100.41
17.96	-101.71
18.16	-100.73
17.92	-99.32
17.84	-99.98
17.82	-99.96
17.8	-99.95
17.81	-99.91
17.16	-99.61
17.8	-99.95
17.74	-99.88
17.79	-99.95
17.86	-99.9
17.8	-99.95
17.79	-99.94
17.82	-99.89
17.79	-99.94
17.82	-99.92
18.27	-100.06
17.79	-99.88
16.82	-100.35
17.72	-99.75
17.68	-101.66
17.84	-99.98
18.21	-100.21
16.53	-100.02
17.97	-99.1
16.7	-99.76
16.98	-100.25
17.8	-99.93
17.37	-100.61
17.81	-99.93
16.93	-100.14
17.17	-100.75
17.02	-100.35
17.92	-101.56
17.3	-100.56
17.65	-100.96
17.81	-99.93
16.75	-99.1
16.94	-100.05
16.63	-99.62
17.82	-99.97
16.49	-98.43
17.95	-101.75
17.99	-101.74
17.69	-101.78
16.65	-99.44
17.02	-100.3
16.66	-100.42
16.66	-100.4
16.6	-100.24
16.74	-99.74
17.36	-100.76
17.83	-99.94
17.04	-99.58
15.91	-98.86
16.3	-98.46
16.99	-100.27
16.16	-100.86
18.22	-100.4
17.09	-101.3
17.96	-101.56
17.72	-101.12
16.97	-100.1
17.64	-100.63
18.14	-99.49
17.9	-99.6
17.79	-99.96
16.76	-99.92
17.89	-99.77
17.9	-101.63
16.73	-99.65
16.59	-100.01
16.81	-100.06
16.69	-99.95
17.81	-99.94
18.04	-101.26
16	-99.24
17.41	-101.23
18.04	-100.02
17.23	-99.84
17.17	-100.56
18.16	-101.3
18.04	-101.67
16.85	-100.24
17.83	-99.96
17.14	-100.46
16.92	-100.92
16.72	-100.15
17.2	-100.98
16.84	-99.21
16.68	-99.73
16.44	-98.48
16.9	-99.54
17.38	-100.92
17.34	-100.43
16.65	-98.38
16.86	-100.11
16.98	-100.12
18.16	-100.67
17.3	-101.03
17.05	-100.12
18.06	-100.01
17.27	-100.89
17.67	-101.91
18.06	-100.48
16.8	-99.79
16.94	-100.21
17.72	-101.26
17.4	-100.68
17.06	-100.2
16.67	-99.36
16.44	-100.75
16.94	-100.52
17.6	-98.28
17.19	-100
17.31	-101.32
17.31	-101.37
16.91	-100.63
17.82	-99.95
16.7	-99.49
16.42	-99.83
18.57	-100.4
16.42	-98.48
18.18	-101.09
17.18	-101.34
16.52	-99.37
16.7	-99.93
17.4	-101.25
16.75	-99.7
16.29	-98.6
16.31	-98.59
17.23	-101.57
18.02	-100.63
18.17	-100.3
17.15	-100.68
17.25	-100.44
16.45	-99.94
18.08	-101.56
17.01	-99.47
17.97	-100.25
17.02	-100.69
17.02	-100.72
16.69	-101.86
17.31	-101.19
16.89	-99.04
17.03	-100.7
17.93	-99.62
18.15	-100.34
16.4	-99.83
17.15	-100.04
17.88	-101.62
17.13	-100.35
16.75	-99.72
17.17	-100.95
17.14	-100.12
18.05	-99.85
17.04	-99.81
18.08	-100.22
17.12	-100.05
17.55	-101.64
17.08	-99.64
17.01	-99.01
16.75	-99.73
17.11	-101.5
18.01	-99.49
16.92	-100.25
16.08	-98.89
16.97	-99.87
17.09	-99.95
17.25	-100.82
17.31	-101.69
17.36	-101.77
18.08	-100.79
16.27	-101.23
17.58	-101.3
16.93	-100.54
18.29	-100.01
16.251	-98.521
16.21	-98.58
16.17	-98.65
16.35	-98.46
15.9	-99.02
16.43	-98.51
16.53	-98.44
16.46	-98.4
15.98	-98.79
16.43	-98.32
16.46	-98.47
16.32	-98.69
16.47	-98.45
16.36	-98.47
16.5	-98.46
16.57	-98.47
16.42	-98.37
16.5	-98.57
16.49	-98.47
16.3	-98.48
15.92	-98.84
16.33	-98.46
16.48	-98.57
16.51	-98.5
16.54	-98.5
16.37	-98.46
16.34	-98.45
16.57	-98.43
16.38	-98.41
16.9	-100.31
16.54	-98.46
16.57	-98.46
16.62	-98.41
16.48	-98.29
16.44	-98.45
16.36	-98.52
16.32	-98.63
16.55	-98.47
16.2	-98.57
16.41	-98.38
16.54	-98.47
16.06	-99.21
16.53	-98.39
16.33	-98.62
16.51	-98.55
16.51	-98.32
16.56	-98.41
16.41	-98.56
16.4	-98.39
16.69	-101.36
16.55	-98.4
16.54	-98.45
16.98	-99.65
16.49	-98.3
16.17	-99.6
16.6	-98.51
17.84	-101.53
16.52	-98.57
16.41	-98.56
16.49	-99.07
16.74	-98.36
16.51	-98.51
16.75	-98.33
16.46	-98.34
16.44	-98.46
16.41	-98.53
16.52	-98.45
16.51	-98.44
16.87	-100.08
16.31	-98.47
16.43	-98.37
15.94	-98.84
16.51	-98.29
16.6	-98.48
16.48	-98.52
16.5	-98.51
16.73	-98.38
16.51	-98.68
16.8	-98.27
16.6	-98.36
16.69	-99.58
16.32	-98.53
16.34	-98.52
16.14	-98.63
16.41	-98.65
16.54	-98.55
15.91	-98.88
16.38	-98.4
16.8	-98.6
16.48	-98.36
16.53	-98.6
16.44	-98.54
16.31	-99.24
18.04	-99.49
16.63	-98.36
16.57	-98.86
16.47	-98.46
16.44	-98.49
16.46	-98.54
16.16	-98.76
16.1	-98.77
16.27	-98.49
16.33	-98.49
16.33	-98.45
16.3	-98.46
16.32	-98.49
17.29	-99.76
16.31	-98.52
16.3	-98.48
16.47	-98.55
16.58	-98.39
16.37	-98.51
16.34	-98.5
16	-98.83
18.15	-100.48
16.42	-98.42
16.39	-98.42
16.37	-98.43
16.45	-98.46
16.35	-98.44
16.57	-98.48
16.47	-98.49
16.56	-98.49
16.37	-98.45
16.41	-98.44
16.28	-98.49
16.39	-98.38
16.46	-98.42
16.34	-98.55
15.83	-98.96
16.37	-98.63
16.64	-98.24
16.39	-98.46
16.36	-98.46
16.36	-98.47
16.27	-98.6
16.42	-98.56
16.47	-98.48
16.5	-98.53
16.37	-98.54
16.4	-98.44
16.32	-98.49
16.38	-98.42
16.35	-98.47
16.37	-98.46
16.38	-98.55
16.57	-98.49
16.42	-98.41
16.37	-98.42
16.42	-98.43
16.42	-98.48
16.34	-98.43
16.91	-100.09
17.01	-99.97
16.43	-98.46
17.63	-101.17
16.44	-98.38
16.33	-98.47
16.34	-98.42
16.49	-98.5
16.35	-98.44
16.56	-98.45
15.68	-101.77
16.51	-98.52
16.59	-98.43
16.16	-98.61
17.05	-100.12
15.82	-99.29
16.62	-98.35
16.14	-99.36
16.6	-100.27
16.34	-98.41
16.13	-99.36
16.52	-98.59
16.38	-98.47
16.32	-98.52
16.42	-98.43
16.41	-98.57
16.45	-98.38
16.48	-98.45
16.53	-98.49
16.87	-100.27
18.1	-100.26
16.89	-100.36
16.28	-98.5
16.49	-98.51
16.88	-100.33
16.8	-100.18
17.23	-100.42
16.5	-98.51
16.65	-98.4
16.7	-98.38
16.69	-98.43
16.38	-98.67
16.74	-98.38
17.34	-100.74
16.46	-98.5
16.55	-98.49
16.36	-98.45
16.36	-98.45
16.72	-99.77
16.71	-99.67
16.31	-98.44
16.5	-98.58
16.62	-98.41
16.13	-98.66
17.81	-101.32
16.46	-98.34
16.98	-100.72
16.61	-98.39
17.43	-100.71
16.45	-98.36
16.46	-98.68
16.66	-98.32
16.46	-98.38
16.49	-98.53
16.28	-98.48
16.6	-100.46
16.61	-98.48
18.11	-99.86
16.6	-98.52
16.31	-98.53
17.82	-101.36
16.47	-98.52
16.52	-98.5
16.33	-99.71
18.2	-101.01
18.25	-100.34
16.95	-99.7
17.95	-101.43
16.75	-99.15
18.05	-101.47
16.56	-98.63
16.94	-100
16.63	-98.39
16.11	-98.69
16.39	-98.57
16.31	-98.47
16.55	-98.46
16.35	-98.42
16.32	-98.51
16.42	-98.44
16.44	-98.43
16.38	-98.47
16.14	-98.63
16.14	-98.64
17.26	-99.76
16.52	-98.4
16.41	-98.45
16.85	-100.09
16.58	-98.41
16.31	-98.52
16.55	-98.6
17.72	-99.84
16.57	-98.47
16.46	-98.51
16.14	-98.64
16.19	-98.82
17.17	-100.17
16.44	-99.02
16.47	-98.61
16.38	-98.68
17.19	-100.19
16.91	-100.55
16.37	-98.4
17.58	-99.39
17.24	-100.3
16.9	-99.64
16.74	-99.95
16.69	-99.78
16.54	-98.47
16.15	-98.86
16.56	-98.47
16.54	-98.5
16.65	-99.73
16.49	-98.5
16.52	-100.5
16.51	-100.36
16.66	-99.72
16.43	-98.39
16.73	-99.73
16.44	-98.64
16.55	-98.5
16.49	-98.49
18.11	-101.45
16.73	-99.68
16.28	-98.62
16.6	-98.87
16.5	-98.5
16.52	-99.6
16.48	-98.5
16.64	-98.29
16.39	-98.69
16.04	-98.72
16.44	-98.54
16.41	-98.4
15.98	-98.85
16.24	-98.57
16.35	-98.71
16.15	-98.66
16.71	-98.61
17.73	-101.24
16.79	-99.72
16.74	-99.72
16.73	-99.72
16.32	-98.57
16	-98.81
16.65	-98.46
17.89	-99.91
17.29	-101.26
16.74	-99.64
16.35	-99.44
17.26	-99.88
17.65	-101.71
16.63	-98.36
17.8	-101.51
16.96	-100.21
17.21	-100.34
17.04	-100.45
17.71	-101.26
17.14	-100.32
16.59	-98.42
16.68	-98.37
16.97	-101.37
17.14	-101.42
17.2	-101.41
17.21	-101.34
17.2	-101.39
17.25	-101.31
17.25	-101.33
17.21	-101.31
17.26	-101.33
17.29	-101.23
17.23	-101.34
17.21	-101.35
17.21	-101.36
17.14	-101.5
17.14	-100.8
16.38	-98.51
16.16	-99.6
16.46	-98.99
16.37	-98.57
16.86	-98.97
16.43	-98.4
17.24	-101.24
15.8	-99.19
17.14	-101.16
16.94	-100.07
16.64	-100.36
17.18	-100.56
16.08	-98.69
16.64	-100.74
17.33	-100.76
16.4	-98.37
16.64	-98.48
16.75	-99.34
16.25	-99.3
17.3	-101.15
16.43	-98.39
16.45	-98.43
16.66	-99.88
16.62	-98.48
16.43	-98.53
17.17	-100.62
16.44	-98.55
17.32	-100.6
17.27	-100.61
16.62	-99.33
16.91	-100.14
17.06	-100.18
16.61	-98.24
16.73	-99.72
16.47	-98.52
17.43	-101.6
17.43	-101.58
17.08	-101.48
16.45	-99.63
18.15	-100.36
16.51	-98.59
16.89	-100.19
16.74	-99.73
17.28	-100.91
16.56	-98.72
16.88	-100.46
18.15	-100.61
16.85	-100.33
17.84	-99.55
17.25	-101.14
17.51	-101.14
17.25	-100.63
18.11	-100.96
17.81	-101.63
16.55	-98.59
17.38	-101.13
16.64	-98.44
17.45	-100.54
16.24	-99.51
17.28	-100.67
16.46	-98.62
16.48	-98.53
17.39	-101.68
17.2	-100.22
17.72	-101.32
16.7	-98.43
16.51	-98.54
16.61	-98.14
16.42	-98.39
17.32	-100.75
16.69	-99.97
16.97	-99.91
16.08	-98.89
16	-99.31
16.46	-98.56
16.48	-98.53
17.25	-100.03
17.09	-100.06
16.84	-100.11
17.32	-100.79
17.84	-101.36
16.75	-99.66
16.48	-98.41
16.37	-98.42
16.45	-98.53
16.4	-98.47
16.38	-98.4
16.3	-98.45
15.97	-98.87
16.4	-98.63
16.63	-98.59
16.48	-98.57
17.99	-101.55
16.52	-98.52
16.36	-99.25
18.57	-100.07
16.44	-98.88
16.62	-100.46
17.15	-100.69
17.29	-100.66
16.76	-99.7
16.72	-99.87
16.26	-98.51
16.52	-98.41
17	-100.73
16.48	-98.51
17.98	-100.63
16.39	-98.37
16.49	-98.5
17.71	-100.92
16.44	-98.4
16.72	-100.23
16.77	-100.18
17.94	-101.6
16.39	-98.68
16.43	-98.52
17.36	-101.15
17.83	-99.98
18.06	-100.02
16.87	-100.08
16.49	-98.31
16.39	-98.46
16.52	-98.58
16.47	-98.47
17.21	-100.28
17.08	-100.14
16.83	-100.25
16.05	-98.94
18.12	-100.67
17.35	-100.88
16.43	-98.53
17.22	-101.25
16.77	-99.73
18.02	-100.13
18.02	-100.13
16.56	-98.44
16.33	-99.06
16.45	-98.52
16.59	-98.44
18.09	-101.25
17.33	-100.91
17.42	-100.8
16.65	-98.37
16.51	-98.5
16.49	-98.49
17.94	-100.16
17.29	-100.52
16.44	-98.52
16.32	-98.48
17.57	-100.98
16.87	-100.28
16.52	-98.44
17.1	-100.22
18.05	-100.73
17.76	-101.42
16.9	-99.81
16.86	-100.11
18.22	-100.82
17.11	-99.2
18.3	-99.5
16.44	-98.51
17.42	-100.49
16.65	-98.7
16.54	-98.28
16.45	-98.6
17.74	-100.76
16.28	-98.69
16.78	-100.13
17.24	-100.2
16.98	-100.07
16.88	-100.41
17.99	-101.49
16.53	-98.38
17.99	-99.41
16.48	-98.56
16.57	-98.46
16.54	-98.51
16.8	-100.2
16.93	-100.31
16.3	-98.5
16.32	-98.43
16.5	-98.51
16.47	-98.5
16.46	-98.45
17.19	-99.88
16.37	-98.4
16.31	-98.47
17.2	-100.55
16.43	-98.51
16.54	-98.48
16.44	-98.54
16.4	-98.44
17.33	-101.39
16.8	-102.27
16.23	-99.59
16.5	-98.52
17.76	-101.67
16.86	-100.13
16.86	-100.28
16.44	-98.33
16.68	-98.4
16.53	-98.54
17.05	-99.16
18.23	-100.49
16.66	-98.28
17.74	-99.8
18.28	-100.81
18.03	-100.02
16.53	-98.5
16.85	-100.09
16.59	-99.5
17.16	-100.32
16.39	-98.41
16.5	-98.47
16.46	-98.41
16.16	-98.71
17.35	-100.76
16.35	-98.43
17.92	-100.19
18	-99.56
17.04	-101.11
17.57	-101.2
17.3	-99.79
16.76	-100.45
16.49	-98.5
16.47	-100.44
17.14	-100.7
16.53	-98.45
16.79	-100.43
17.01	-100.27
16.48	-98.37
18.07	-101.35
17.33	-101.09
17.75	-100.72
17.44	-101.38
16.46	-98.42
16.59	-98.43
17.25	-100.24
16.55	-98.44
16.58	-98.95
18.19	-101.64
16.5	-98.32
16.41	-98.43
16.83	-100.22
17.39	-100.53
17.16	-100.84
16.22	-98.53
16.18	-98.59
17.25	-100.12
17.85	-101.55
17.89	-98.43
16.45	-100.74
16.46	-98.45
18.05	-100.05
18.03	-101.31
18.03	-100.71
17.23	-100.51
16.54	-100.39
16.72	-99.73
16.4	-98.51
17	-100.16
16.93	-100.37
16.33	-98.47
16.57	-98.48
16.55	-98.39
16.9	-100.36
16.61	-98.44
16.13	-98.64
18.24	-99.92
16.47	-99.27
16.86	-100.52
18.1	-100.62
16.69	-99.9
18.1	-100.49
16.86	-100.12
18.09	-100.34
18.19	-100.68
17.39	-100.41
17.68	-100.33
17.06	-100.17
16.93	-100.38
17.47	-101.57
16.67	-99.6
17.96	-100.62
18.25	-100.79
16.8	-98.22
16.15	-98.63
16.89	-100.32
17.22	-100.13
16.45	-98.64
16.77	-100.02
16.34	-98.59
17.51	-100.86
16.37	-98.81
16.38	-98.81
16.82	-100.1
17.37	-101.73
17.31	-101.38
17.03	-100.13
16.92	-102.19
16.99	-101.49
16.55	-98.46
16.38	-98.39
17.32	-100.72
16.37	-98.39
17.33	-101.26
16.56	-98.51
17.8	-99.87
16	-98.76
16.02	-99.18
16.32	-98.45
16.48	-98.6
18.11	-100.59
16.79	-100.45
16.86	-101.74
18.22	-100.89
17.08	-100.15
16.38	-98.38
18.15	-100.92
16.6	-98.38
16.41	-98.42
18.15	-100.83
18.22	-100.71
16.51	-98.45
16.54	-98.4
16.47	-98.34
16.51	-98.45
16.5	-98.44
16.55	-98.49
16.36	-98.44
17.27	-101.26
16.51	-98.46
16.3	-98.83
17.39	-101.66
16.53	-98.44
17.43	-101.28
16.53	-98.46
17.4	-100.96
17.44	-101.49
18.36	-100.27
16.5	-98.51
16.48	-98.56
16.05	-98.7
17.27	-101.06
16.38	-98.41
16.42	-98.4
18.17	-100.52
18.19	-100.53
18.07	-100.51
18.49	-100.64
18.41	-100.44
18.11	-100.69
18.14	-100.6
18.2	-100.63
18.2	-100.61
16.1	-98.66
18.16	-100.56
16.55	-98.46
16.39	-98.44
18.19	-100.81
17.91	-99.78
18.26	-100.54
16.91	-100.17
18.23	-100.53
18.16	-100.6
16.65	-99.72
16.56	-98.45
16.42	-98.41
17.92	-101.64
17.97	-100.55
17.89	-101.33
16.31	-98.52
16.74	-99.66
16.25	-100.32
18.11	-100.47
17.3	-98.43
16.4	-98.4
16.61	-98.4
16.47	-98.45
18.16	-101.48
16.62	-98.4
16.55	-98.47
16.72	-99.72
16.97	-99.62
16.89	-99.42
16.47	-98.63
16.8	-99.28
16.41	-98.37
18.23	-100.54
16.95	-100.56
16.78	-100.16
18.26	-100.57
17.24	-99.98
18.05	-100.02
16.75	-99.71
16.32	-98.44
16.37	-98.46
16.51	-98.45
17.16	-99.72
17.29	-101.08
17.89	-100.48
17.33	-101.41
18.02	-100.17
16.58	-98.5
16.5	-98.48
17.62	-101.07
16.84	-100.12
16.47	-98.3
16.64	-98.32
17.13	-100.14
16.54	-98.55
16.59	-98.47
16.49	-98.45
17.2	-100.41
17.43	-101.74
17.25	-100.18
17.77	-101.73
16.98	-100.1
18.15	-100.5
17.56	-101.78
17.34	-101.21
17.16	-100.19
16.34	-98.42
16.32	-98.43
18.07	-101.52
17.84	-100.07
16.51	-98.96
16.17	-98.62
17.52	-98.57
16.49	-98.44
17.44	-101.38
17.21	-100.2
16.43	-98.45
16.57	-98.43
18.21	-101.65
17.92	-98.77
17.6	-100.91
16.87	-99.81
17.21	-99.46
17.43	-101.71
16.78	-100.34
18.28	-101.02
16.6	-98.15
16.34	-98.42
17.22	-100.97
18.16	-101.6
17.37	-101.22
16.45	-98.44
17.69	-101.28
16.56	-98.66
17.96	-100.6
17.1	-100.29
17.83	-100.19
16.41	-98.4
17.05	-101.73
16.47	-98.5
17.96	-101.56
16.61	-98.32
17.03	-101.78
15.95	-98.83
16.05	-98.75
17.23	-100.03
16.33	-98.83
16.36	-98.64
18.01	-101.17
16.47	-98.63
16.54	-98.69
16.93	-100.2
16.34	-98.43
18.19	-100.29
17.38	-100.82
16.6	-98.94
17.18	-101.26
17.32	-100.41
16.66	-98.39
17.79	-101.53
16.06	-99.17
17.99	-101.75
16.38	-99.76
16.65	-98.2
16.31	-98.49
17.64	-99.06
16.57	-98.39
17.13	-100.09
16.83	-99.11
18.13	-100.95
16.5	-98.51
16.39	-98.66
16.5	-98.51
16.36	-98.5
16.52	-98.26
17.31	-100.44
17.36	-100.89
17.11	-99.95
17.21	-100.05
17.13	-101.47
17.98	-101.66
16.51	-98.97
16.53	-98.53
16.57	-99.01
17.27	-101.37
16.58	-98.33
18.29	-100.62
16.45	-98.51
16.42	-98.35
16.7	-99.51
16.85	-100.27
17.66	-101.87
17.42	-101.34
17.12	-99.98
17.02	-99.74
18.09	-99.58
16.4	-98.39
17.88	-101.56
16.37	-98.43
16.72	-99.92
16.54	-98.62
16.49	-98.33
16.44	-98.4
17.89	-101.78
17.3	-101.6
16.65	-98.53
16.59	-98.42
18.16	-100.53
17.28	-100.47
17.87	-100.16
16.29	-98.52
16.6	-98.17
17.23	-100.42
18.05	-99.22
16.45	-98.36
16.85	-100.93
16.93	-99.69
16.45	-98.37
18.08	-100.72
16.32	-98.5
16.51	-98.44
18.16	-99.65
17.78	-101.65
18.28	-100.1
16.48	-98.55
17.15	-101.2
17.2	-99.91
17.37	-101.24
18.18	-101.47
17.41	-101.5
16.4	-98.38
17.86	-101.66
18.16	-100.28
16.8	-99.9
16.57	-98.4
17.11	-101.46
16.52	-98.42
16.57	-98.41
16.8	-100.17
18.36	-99.38
16.45	-99.04
16.95	-98.47
17.96	-99.97
17.77	-99.4
17.61	-101.08
17.36	-101.36
16.41	-98.4
17.31	-100.84
17.6	-101.08
18.17	-99.37
17.05	-99.96
17.11	-100.74
17.29	-100.11
18.21	-100.56
16.53	-98.31
16	-98.76
16.85	-100.35
16.79	-100.23
16.78	-100.41
16.82	-100.35
16.96	-99.51
16.72	-99.71
16.22	-98.71
16.07	-98.72
17.21	-99.87
16.63	-98.93
17.19	-100.21
16.31	-98.45
16.37	-98.43
17.14	-100.26
16.31	-98.48
17.98	-101.37
18	-101.61
16.88	-100.34
16.85	-100.34
16.94	-100.31
15.97	-99.17
18.25	-99.67
16.78	-100.38
16.43	-98.46
16.48	-98.43
16.3	-99.18
16.44	-100.17
16.3	-98.52
16.59	-98.91
16.32	-98.51
16.1	-98.96
17.81	-100.75
17.61	-101.17
16.49	-99.27
18.24	-99.66
17.13	-100.13
17.82	-101.2
16.59	-98.64
16.57	-98.67
17.33	-101.53
17.2	-100.6
16.37	-98.44
16.91	-101.14
16.75	-99.73
16.67	-98.65
16.26	-98.52
16.46	-98.41
17.98	-101.33
17.15	-99.96
17.65	-101.37
18.18	-100.67
18.19	-100.5
16.4	-98.44
16.06	-98.72
16.5	-98.27
16.15	-98.85
16.15	-98.9
16.66	-98.19
17.31	-101.69
17.83	-99.3
16.01	-98.79
16.98	-98.82
18.01	-101.66
16.28	-98.54
17.65	-101.39
16.6	-98.63
17.25	-100.49
18.17	-100.69
17.59	-101.23
16.49	-98.48
16.49	-98.46
16.62	-98.28
18.18	-100.51
16.82	-101.12
17.91	-101.62
17.26	-100.62
18.08	-101.69
17.23	-99.91
17.17	-100.8
16.9	-98.81
18.22	-100.39
18	-99.77
16.9	-100.8
16.63	-98.32
16.61	-98.39
16.54	-98.47
16.89	-100.36
18.51	-99.98
18.48	-100.36
16.89	-100.46
16.58	-99.05
16.5	-99.04
17.35	-101.19
17.34	-100.99
17.09	-99.2
17.51	-100.94
17.45	-100.98
17	-99.03
16.17	-98.77
16.13	-98.76
16.04	-98.8
16.54	-98.9
16.59	-100.34
16.22	-98.55
16.83	-100.13
16.51	-98.53
17.08	-100.82
16.56	-98.69
16.54	-98.43
16.68	-99.59
16.54	-98.46
17.13	-100.82
16.39	-98.46
17.14	-99.99
16.58	-98.45
16.97	-99.85
16.59	-98.41
16.54	-98.46
16.55	-98.48
16.56	-98.51
16.5	-98.46
16.47	-98.49
17.8	-101.43
17.78	-101.58
17.86	-101.7
17.84	-101.66
17.8	-101.62
17.79	-101.63
17.8	-101.6
17.39	-101.52
16.44	-98.46
17.32	-100.88
16.49	-98.49
16.32	-98.48
16.42	-98.42
16.61	-99.32
16.51	-98.45
16.55	-98.41
17.23	-100.38
16.44	-98.42
17.13	-100.46
16.53	-98.52
16.42	-98.63
17.22	-101.34
16.82	-99.76
16.78	-99.63
16.45	-99.51
17.17	-100.12
16.5	-98.29
16.53	-98.39
16.85	-100.21
16.95	-100.22
16.55	-98.39
17	-99.4
17.04	-101.36
17.08	-101.29
17.09	-101.32
17.37	-101.46
17.94	-100.04
18.49	-100.65
16.58	-98.3
17.15	-100.04
16.47	-98.57
17.23	-100.26
16.39	-98.47
16.66	-99.33
16.71	-99.29
16.15	-98.78
16.12	-98.71
18.2	-100.91
16.48	-98.52
16.4	-98.67
17.14	-99.93
17.09	-100.86
16.79	-100.15
16.9	-100.35
17.95	-101.57
18.23	-99.82
16.35	-98.46
16.94	-100.4
16.08	-98.88
17.39	-101.74
16.65	-99.56
16.52	-98.46
16.82	-98.65
16.67	-98.48
17.92	-100.62
16.93	-100.2
16.46	-98.44
16.46	-98.61
17.25	-101.27
16.53	-98.52
17.35	-101.56
16.58	-99.24
17.23	-99.87
16.59	-98.42
16.44	-98.34
16.74	-99.6
16.74	-99.65
17.02	-100.31
18.08	-101.73
16.65	-99.38
17.03	-98.94
16.57	-98.32
16.37	-98.43
16.51	-98.56
16.56	-98.42
16.38	-98.42
17.79	-101.56
17.08	-100.14
16.84	-100.57
17.27	-100.56
17.43	-101.32
17.25	-99.91
16.54	-98.5
16.37	-98.41
17.03	-102.18
16.9	-98.44
16.37	-98.44
16.19	-100.65
16.33	-100.49
17.84	-101.37
16.44	-98.52
16.12	-101.28
16.97	-99.7
17.2	-100.55
16.69	-100.48
16.62	-100.41
16.95	-102.3
18.18	-99.34
18.28	-100.7
16.51	-98.49
17.42	-100.99
16.66	-98.43
17.06	-99.27
16.37	-98.46
17.94	-101.69
17.73	-101.67
16.8	-99.94
16.53	-98.48
16.53	-98.47
16.44	-98.62
17.14	-101.27
17.28	-100.6
16.48	-98.63
17.27	-100.49
17	-100.37
17.11	-99.62
17.84	-100.84
17.85	-100.83
16.01	-98.79
16.81	-100.15
16.4	-98.72
17.68	-101.27
16.09	-98.73
17.58	-101.12
17.06	-101.17
16.87	-100.14
16.19	-98.72
16.11	-98.8
17.3	-101.42
17.17	-99.91
16.38	-98.42
17.35	-100.66
16.69	-99.71
17.75	-101.42
17.76	-101.38
17.18	-101.08
17.25	-101.02
17.16	-100.31
17.8	-101.24
16.9	-100.32
17.43	-101.37
18.04	-99.25
18.16	-99.22
18.11	-99.26
16.73	-99.04
17.85	-101.49
18.06	-99.1
16.93	-100.01
16.92	-98.96
16.84	-100.07
16.48	-98.48
16.68	-99.18
18.12	-101.66
16.6	-100.5
18.26	-100.56
16.12	-98.89
18.17	-99.23
15.89	-99.11
15.97	-99.1
16.09	-99
18.06	-100.02
16.01	-99.01
17.98	-100.83
15.97	-99.31
16.1	-99.27
16.09	-99.25
16.02	-99.25
17.26	-101.23
17.39	-101.07
16.44	-98.42
16.08	-99.17
18.23	-100.46
16.45	-98.86
16.94	-100.28
16.81	-100.03
17.03	-100.04
16.93	-100.2
18.14	-99.26
16.84	-100.48
16.66	-99.45
17	-99.68
17.03	-100.64
16.56	-98.18
17.12	-99.99
16.62	-98.63
17.09	-100.21
16.36	-98.64
17.29	-100.82
17.1	-98.42
18.17	-100.37
16.27	-99.13
16.76	-99.91
16.57	-98.51
16.79	-98.94
16.65	-99.48
16.93	-100.28
16.88	-99.61
17.13	-99.75
16.89	-100.35
16.38	-98.38
16.99	-99.69
16.82	-100.23
17.21	-100.16
16.52	-98.32
16.74	-99.71
17.03	-100.17
16.62	-98.32
16.53	-98.23
16.36	-98.63
17.03	-100.24
17.97	-100.68
16.61	-98.19
18.24	-101.04
16.13	-98.98
16.98	-100.34
17.22	-100.05
16.92	-98.57
16.99	-100.14
18.2	-101.06
16.63	-100.4
17.1	-100.47
17.04	-100.07
17.13	-101.27
17.24	-101.12
14.41	-103.1
18.05	-101.49
16.72	-99.7
17.94	-101.53
17.33	-101.12
17.32	-101.12
17.26	-100.61
18.19	-99.26
16.62	-101.02
17.02	-100.38
17.32	-101.53
17.34	-101.22
16.33	-98.48
16.88	-100.28
16.49	-98.58
16.64	-98.9
16.58	-99.95
17.22	-101.04
16.82	-100.25
16.95	-100.16
17.11	-98.96
17.21	-100.38
17.5	-101.09
16.43	-98.39
16.67	-99.31
16.62	-98.67
16.57	-98.26
16.94	-99.99
17.27	-101.25
17.08	-100.13
17.57	-98.54
16.49	-98.6
16.56	-98.57
17.92	-101.51
16.64	-98.95
17.49	-100.66
17.55	-98.51
16.76	-100.08
16.54	-98.59
17.07	-101.01
17.81	-101.55
17.76	-101.63
16.44	-98.48
17.13	-100.86
16.93	-98.88
16.48	-98.67
17.2	-100.47
16.91	-100.37
16.85	-98.92
17.87	-98.6
16.4	-98.48
16.53	-98.55
16.79	-99.56
16.73	-99.64
16.73	-99.7
16.68	-99.67
16.72	-99.69
16.59	-99.7
16.67	-99.67
16.77	-99.63
16.71	-99.66
16.73	-99.64
16.7	-99.7
16.77	-99.63
16.72	-99.68
16.73	-99.72
16.71	-99.61
16.6	-99.64
16.59	-99.69
16.66	-99.8
16.7	-99.72
16.65	-99.55
17.87	-99.51
16.7	-99.63
17.12	-99.79
16.74	-99.69
16.85	-99.75
16.88	-99.76
16.65	-99.69
16.95	-100.05
16.74	-99.84
16.74	-99.61
17.3	-100.76
16.8	-99.73
16.73	-99.67
16.7	-99.6
16.73	-99.69
17.38	-101.42
16.75	-101.87
17.94	-100.79
16.91	-100.06
16.65	-99.6
17.26	-100.25
16.82	-99.62
18.23	-100.78
16.41	-99.79
17.31	-101.73
17.05	-99.93
16.57	-98.48
17.26	-100.08
16.97	-100.4
16.73	-99.67
16.67	-99.69
16.69	-99.69
16.66	-99.7
17.25	-100.06
16.71	-99.58
16.78	-99.66
16.36	-98.51
16.72	-99.69
16.56	-98.46
16.7	-99.74
16.47	-98.52
16.64	-99.71
16.29	-98.61
17.29	-101
16.86	-100.41
16.68	-99.73
16.73	-99.75
16.72	-98.97
16.62	-99.69
17.31	-101.46
16.69	-99.73
16.65	-99.74
16.73	-99.61
17.28	-100.3
17.29	-100.83
15.94	-98.85
17.71	-101.19
17.05	-100.25
17.35	-100.31
16.8	-99.76
17.72	-100.6
17.22	-100.05
17.32	-101.41
17.63	-101.86
17.26	-100.59
16.87	-99.64
16.46	-98.37
16.65	-99.22
18.19	-101.5
16.77	-99.2
16.64	-101.23
16.74	-99.7
16.94	-100.19
16.54	-99.47
17.25	-101.22
17	-101.62
16.67	-99.92
17.3	-100.29
16.59	-98.47
16.74	-100.67
16.79	-100.52
16.69	-100.56
16.8	-100.51
17.28	-101.22
17.46	-101.78
17.14	-100.02
17.54	-101.58
16.72	-99.58
17.69	-101.21
17.62	-101.09
17.6	-100.83
17.56	-99.53
17.55	-99.54
16.9	-100.04
17.54	-99.52
17.57	-99.51
17.52	-99.56
16.46	-98.45
16.71	-99.91
17.54	-99.48
16.73	-99.72
17.52	-99.53
17.52	-99.51
17.97	-99.63
16.8	-100.18
16.7	-99.76
16.1	-99.45
16.5	-98.66
16.79	-100.17
16.62	-99.71
16.61	-98.42
15.93	-98.84
18.07	-101.7
17.97	-101.44
16.4	-98.42
17.7	-101.42
16.77	-100.14
16.37	-100.6
16.58	-100.36
17.98	-100.41
17.09	-100.16
16.68	-99.68
16.8	-99.97
17.28	-100.03
16.84	-100.34
17.23	-100.14
17.52	-99.67
16.88	-100.21
17.28	-100.76
16.67	-99.41
16.69	-99.5
16.41	-99.54
16.58	-100.52
18.19	-100.74
16.78	-99.68
16.5	-98.56
17.15	-99.85
16.84	-100.12
16.83	-100.11
16.82	-100.11
16.83	-100.12
16.79	-100.19
16.83	-100.1
16.8	-100.12
16.86	-100.1
16.81	-100.12
16.83	-100.11
16.82	-100.11
16.81	-100.11
16.85	-100.09
16.85	-100.11
16.83	-100.11
16.83	-100.1
16.86	-100.09
16.85	-100.11
18.3	-100.33
16.75	-98.93
16.46	-98.61
16.61	-99.05
17.14	-100.16
16.89	-98.8
17.1	-99.84
16.91	-100.07
16.84	-100.14
17.17	-100.7
16.86	-100.29
16.82	-100.11
17.8	-100.95
17.1	-100.21
16.73	-99.75
16.68	-99.76
17.11	-99.81
16.63	-98.41
17.53	-101.08
17.39	-100.75
18.2	-100.57
16.43	-98.45
16.89	-100.43
16.88	-100.03
16.03	-98.9
16.71	-99.49
17.84	-100.86
17.35	-100.74
16.91	-100.09
16.73	-99.73
16.86	-100.28
18.14	-100.91
16.97	-100.07
16.76	-99.69
16.49	-99.02
17.41	-99.66
16.45	-98.51
16.44	-98.5
17.83	-98.65
17.32	-100.98
16.91	-100.01
16.71	-99.68
16.66	-99.69
16.8	-100.07
16.49	-98.9
16.93	-100.34
16.77	-99.49
16.68	-99.41
16.48	-98.45
16.69	-99.72
16.67	-98.23
16.76	-99.54
16.21	-99.77
17.39	-101.64
18.09	-99.49
16.7	-100.17
16.48	-100.98
16.46	-98.63
17.91	-99.97
17.35	-101.29
18.01	-100.66
17.34	-100.6
16.65	-99.52
17.69	-99.53
16.25	-98.54
16.48	-98.44
18.23	-100.54
16.91	-100.29
17.57	-101.56
17.23	-100.07
17.3	-100.73
16.5	-98.35
16.47	-98.56
17.59	-101.06
17.2	-101.62
17.61	-101.1
17.81	-101.62
17.1	-101.12
17.1	-101.12
16.43	-98.33
16.22	-99.73
16.3	-98.45
16.94	-100.25
16.78	-99.66
17.38	-101.32
16.81	-100.46
16.94	-100.44
16.65	-99.68
17.8	-98.45
16.82	-100.13
16.48	-98.84
16.95	-100.06
18.14	-101.33
16.84	-100.11
16.9	-100.37
16.98	-100.07
16.41	-98.42
16.17	-98.62
16.58	-98.41
16.42	-98.42
17.25	-101.21
16.97	-100.02
17.27	-101.15
16.57	-98.44
16.89	-98.73
16.28	-99.41
16.84	-100.12
16.27	-98.99
17.17	-100.14
17.19	-100.93
16.99	-100.87
17.32	-101.2
17.83	-99.79
17.97	-99.74
16.57	-98.43
16.55	-98.43
16.88	-100.17
17.32	-101.56
16.65	-100.14
16.5	-98.53
16.43	-98.54
17.31	-101.34
16.96	-99.99
16.89	-100.22
17.71	-101.59
16.97	-100.03
16.55	-98.57
17.31	-101.07
18.27	-100.15
17.27	-101.36
17.35	-101.76
17.42	-101.58
17.43	-101.69
17.56	-101.51
17.32	-101.7
17.36	-101.8
17.32	-101.72
17.38	-101.67
17.36	-101.71
16.72	-99.46
17.31	-101.68
16.81	-98.5
17.34	-101.65
17.31	-101.61
17.03	-100.85
17.02	-100.01
17.17	-100.48
16.83	-100.19
16.43	-98.62
16.39	-98.39
16.49	-98.48
17.31	-100.77
16.86	-100.27
16.89	-100.12
17.36	-100.55
17.32	-101.45
16.44	-98.56
16.75	-99.66
16.74	-99.81
16.1	-98.74
16.93	-100.15
18.04	-99.61
17.24	-100.79
16.21	-98.82
16.12	-98.83
15.94	-98.99
17.26	-100.26
17.06	-100.1
16.87	-100.07
16.5	-98.48
16.11	-98.7
16.96	-99.78
16.52	-98.31
16.46	-98.51
16.59	-98.43
16.52	-100.13
16.85	-101.64
16.1	-98.74
16.57	-98.5
16.28	-98.56
16.75	-99.73
16.07	-98.79
17.06	-100.12
16.52	-98.41
16.98	-99.92
17.25	-101.07
16.77	-99.69
17.31	-101.47
17.15	-100.1
16.94	-100.2
16.16	-98.75
16.61	-98.9
17.37	-100.82
17.21	-100.31
16.97	-100.04
16.76	-99.92
16.47	-98.63
16.43	-98.67
16.47	-98.64
16.5	-98.48
16.6	-98.65
16.74	-99.69
17.09	-99.02
17.32	-101.3
17.14	-100.49
16.69	-99.65
17.49	-101.17
16.88	-99.61
16.46	-98.48
17.08	-100.05
16.44	-98.52
17.66	-101.14
16.47	-98.6
16.87	-98.23
16.88	-100.09
17.22	-100.39
16.37	-98.47
17.4	-101.53
16.56	-98.42
18.19	-100.27
16.99	-99.53
17.15	-100.35
16.34	-98.61
16.74	-99.78
17.31	-100.45
16.55	-100.17
17.33	-101.25
17.23	-100.48
16.43	-98.44
16.88	-100.2
18.35	-100.75
16.55	-98.46
17.64	-101.88
16.91	-100.16
17.73	-101.8
17.5	-101.56
16.95	-100.07
17.24	-100.58
17	-101.46
16.59	-98.38
16.15	-98.75
17.72	-101.41
17.4	-101.38
17.84	-101.64
17.26	-100.54
17.14	-100.01
17.5	-100.25
16.87	-100.53
16.74	-99.72
17.96	-100.32
16.52	-99.71
17.18	-101.02
17.24	-100.4
16.56	-98.4
17.32	-101.05
17.23	-100.05
16.53	-98.41
16.74	-99.7
17.13	-99.87
15.86	-98.99
14.93	-99.71
16.55	-98.26
17.3	-101.25
16.5	-98.46
17.03	-100.82
17.94	-99.77
17.14	-100.23
16.54	-98.42
16.86	-100.2
16.54	-98.22
16.51	-98.77
16.97	-99.71
16.45	-98.43
16.36	-98.51
16.61	-99.71
16.71	-99.67
17.69	-100.41
16.38	-98.49
16.48	-98.44
18.07	-99.81
16.43	-98.4
16.51	-98.45
18.05	-101.52
16.56	-98.47
16.59	-98.39
16.85	-99.44
18.01	-99.22
18.11	-101.7
17.25	-101.53
17.65	-101.85
17.76	-101.7
18.06	-99.1
17.95	-99.08
16.5	-98.47
17.97	-101.74
16.35	-98.53
17.04	-100.12
17.58	-101.86
16.38	-98.37
17.11	-100.19
17.07	-100.16
16.73	-99.58
16.68	-99.54
16.87	-99.79
17.16	-100.88
18.05	-100.66
17.27	-100.3
17.95	-99.55
16.82	-99.75
17.26	-99.76
17.62	-101.58
16.98	-99.39
17.28	-100.7
17.04	-101.32
16.97	-100.23
17.02	-100.48
16.98	-100.5
16.91	-100.51
17.33	-100.84
16.43	-99.95
17.1	-101.27
17.29	-100.21
17.11	-99.61
16.52	-98.72
16.75	-99.66
16.94	-100.12
16.47	-98.54
17.31	-101.43
16.82	-98.77
17.14	-100.03
16.71	-99.73
16.74	-99.67
18.13	-101.55
16.59	-99.74
16.69	-99.73
16.16	-99.01
18.12	-100.45
18.11	-101.24
17.19	-101.42
17.02	-100.5
17.07	-100.5
16.91	-100.51
16.91	-100.51
16.92	-100.5
16.97	-100.51
16.96	-100.51
16.96	-100.52
16.93	-100.52
16.98	-100.51
16.95	-100.08
17.02	-100.09
17.99	-101.14
17.28	-101.18
17.15	-99.98
17.4	-100.81
17.82	-101.46
16.58	-98.45
16.74	-99.73
18	-100.9
16.73	-99.62
16.86	-99.69
16.53	-98.83
17.16	-99.88
16.86	-100.25
16.03	-98.74
17.26	-101.61
16.81	-100.2
16.78	-99.63
16.91	-100.26
16.58	-98.44
17.59	-101.02
16.36	-98.47
16.03	-98.75
16.75	-99.72
18.19	-101.03
16.38	-98.42
18.16	-100.8
16.32	-98.48
16.83	-100.76
16.98	-100.5
17.01	-100.5
17.29	-101.22
16.5	-99.02
16	-98.77
17.25	-100.97
16.97	-100.17
16.55	-98.56
16.99	-98.72
18.29	-100.38
17.13	-99.86
16.37	-98.38
17.32	-101.22
16.83	-99.59
16.92	-99.42
17.32	-101.66
17.36	-101.73
16.92	-100.93
17.38	-101.7
16.62	-99.53
17.43	-101.45
17.58	-100.88
16.36	-98.4
17.25	-101.42
16.06	-99.03
16.51	-98.54
16.35	-98.54
17.15	-100.36
17.88	-101.35
17.41	-100.93
18.13	-100.41
16.93	-100.52
18.08	-100.43
16.55	-98.55
16.95	-100.58
17.86	-99.72
16.75	-98.74
17.17	-100.18
17.06	-99.55
17.38	-101.42
17.99	-101.56
17.85	-101.71
16.87	-100.38
16.86	-100.23
16.86	-100.37
17.07	-100.21
16.99	-98.87
18.1	-100.36
17.87	-101.83
18.22	-99.41
17.39	-101.43
17	-100.15
17.23	-100.42
16.72	-99.47
16.75	-101.01
18.04	-100.42
16.5	-98.51
16.83	-100.13
16.83	-101.98
16.81	-99.59
17.14	-100.1
16.5	-98.45
16.97	-100.53
17.46	-101.8
16.91	-100.22
16.61	-98.45
16.49	-99
17.28	-101.2
16.89	-100.09
16.82	-100.19
17.99	-100.59
16.89	-100.34
17.25	-101.69
16.62	-100.66
16.64	-100.62
17.49	-101.71
16.55	-99.17
16.9	-100.85
16.95	-99.79
17.8	-101.62
16.89	-100.37
17.1	-100.21
16.61	-99.03
17.85	-101.52
16.46	-99.02
17.62	-101.38
16.88	-100.36
16.24	-98.83
17.33	-100.87
17.46	-100.89
17.8	-101.21
16.71	-99.73
18.08	-99.01
16.96	-100.53
17.95	-99.69
16.49	-98.67
16.75	-99.72
16.57	-98.41
17.51	-101.24
17.49	-101.69
17.38	-101.4
16.72	-99.74
17.02	-100.69
17.04	-100.7
16.55	-100.03
16.83	-100.29
17.82	-101.12
17.24	-99.94
17.42	-101.01
16.97	-100.18
17.33	-100.47
17.28	-101.28
16.69	-99.95
17.84	-101.43
17.12	-99.99
17.74	-98.22
17.31	-101.05
17.66	-101.91
16.37	-98.41
17.26	-99.96
16.82	-100.14
16.59	-99.31
18.09	-100.73
17.37	-99.97
16.13	-98.64
16.35	-98.54
16.69	-99.71
16.52	-98.46
17.96	-99.8
16.55	-98.86
16.69	-99.69
16.91	-99.1
17.33	-101.56
16.98	-100.32
17.8	-101.34
17.81	-101.09
17.22	-101.26
16.96	-98.95
16.78	-100.1
17.17	-101.18
17.18	-101.19
17.39	-101.53
17.28	-101.42
17.06	-101.51
17.36	-101.38
17.2	-101.29
17.22	-101.11
17.35	-101.45
17.38	-101.58
17.42	-101.52
17.37	-101.55
17.2	-101.47
17.33	-101.43
17.33	-101.3
17.23	-101.53
17.27	-101.12
17.32	-101.34
17.27	-101.33
17.69	-101.3
17.42	-101.43
17.4	-101.44
17.33	-101.59
17.28	-101.01
17.46	-101.2
17.55	-101.41
17.3	-101.39
17.29	-101.23
17.24	-101.25
17.79	-101.13
17.65	-101.21
17.39	-101.47
17.32	-100.95
17.36	-101.29
17.76	-101.04
17.76	-101.3
17.4	-101.03
17.39	-101.48
17.3	-101.4
17.31	-101.1
17.29	-100.94
17.72	-101.34
17.35	-101.47
17.4	-101.44
17.32	-101.26
17.35	-101.23
17.2	-101.5
17.42	-101.41
17.41	-101.41
17.25	-101.31
17.37	-101.46
17.38	-101.34
17.47	-101.51
17.33	-100.96
17.58	-101.38
17.59	-101.42
17.16	-101.21
17.72	-101.34
17.49	-101.63
17.69	-101.33
17.89	-101.3
17.57	-101.39
17.46	-101.39
17.45	-101.24
17.53	-101.39
17.38	-101.44
17.23	-101.23
17.17	-101.35
17.57	-101.09
17.24	-101.45
17.37	-101.3
17.64	-101.34
17.39	-101.49
17.5	-101.37
17.28	-101.3
17.33	-101.47
17.38	-101.52
17.55	-101.04
17.49	-101.25
17.41	-101.47
17.36	-101.12
17.46	-101.69
17.24	-101.15
17.72	-101.33
17.28	-101.18
17.7	-101.27
17.72	-101.28
17.6	-101.46
17.26	-101.51
17.63	-101.43
17.74	-101.34
17.35	-101.24
17.28	-101.43
17.51	-101.38
17.31	-101.31
17.35	-101.12
17.71	-101.14
17.23	-100.95
17.38	-101.43
17.66	-101.04
17.38	-101.45
17.47	-101.46
17.61	-101.18
17.71	-101.22
17.38	-101.34
17.34	-101.26
17.42	-101.46
16.01	-98.91
17.42	-101.41
17.4	-101.45
17.59	-101.18
16.12	-98.91
17.29	-101.18
16.41	-98.45
17.37	-101.49
17.69	-101.13
17.4	-101.18
18.01	-101.23
17.77	-101.19
17.67	-101.37
17.69	-101.39
17.37	-101.77
17.38	-101.44
17.19	-101.53
17.41	-101.25
17.67	-101.37
17.34	-101.11
17.68	-101.39
17.34	-101.2
17.53	-101.24
17.4	-100.88
17.35	-101.56
17.36	-101.2
17.54	-101.35
15.93	-98.89
15.98	-98.85
17.46	-101.32
17.32	-101.46
17.73	-101.27
17.31	-101.29
17.8	-101.18
17.56	-101.16
17.33	-101.48
18.06	-100.98
17.8	-101.19
17.52	-101.15
17.08	-101.55
18.08	-101.18
17.34	-101.47
17.91	-101.41
17.81	-101.43
17.81	-101.25
17.35	-101.32
17.23	-101.66
17.5	-101.17
17.36	-101.5
17.38	-101.73
17.32	-101.21
17.4	-101.45
16.15	-98.69
17.28	-101.15
17.27	-101.59
17.53	-101.37
17.28	-101.66
17.4	-101.52
17.29	-101.34
16.89	-100.29
17.83	-101.42
17.37	-101.42
17.38	-101.5
16.87	-100.23
16.84	-100.15
17.16	-101.43
17.38	-101.43
17.2	-101.37
17.22	-101.53
16.89	-100.2
17.32	-101.29
17.23	-101.34
16.46	-98.5
17.26	-101.31
17.38	-101.37
16.32	-98.48
17.24	-101.57
17.32	-101.24
17.41	-101.41
17.35	-100.76
17.35	-101.27
17.32	-101.25
16.52	-98.43
17.88	-101.06
17.36	-101.28
17.65	-101.35
16	-99
17.13	-100.29
16.92	-100.5
16.07	-98.91
16.1	-98.88
16.11	-98.88
17.33	-101.34
17.2	-100.95
17.44	-101.49
17.58	-101.65
16.35	-98.5
17.39	-101.54
17.4	-101.33
16.12	-99.25
17.35	-101.29
16.46	-98.48
17.34	-101.37
16.67	-99.63
17.33	-101.26
17.73	-101.43
17.41	-101.43
17.41	-101.4
17.31	-101.46
17.33	-101.29
17.36	-101.45
17.36	-101.76
17.4	-101.75
17.35	-101.89
17.37	-101.42
17.24	-100.93
17.37	-101.29
17.38	-101.33
17.39	-101.44
17.3	-101.28
17.37	-100.6
17.36	-100.61
17.04	-100.1
16.94	-100.15
16.42	-99.03
17.34	-101.32
16.6	-100.56
16.36	-98.44
16.64	-100.4
17.39	-101.44
16.58	-100.75
17.25	-100.52
17.7	-100.88
16.41	-98.44
17.11	-100.87
17.12	-100.86
17.01	-100.93
17.08	-100.97
17.11	-100.81
17.16	-100.88
17.08	-100.93
16.99	-100.84
17	-100.81
17.27	-101.24
17.11	-100.74
16.94	-100.94
16.9	-100.93
17.01	-101.11
16.82	-100.36
16.98	-100.9
17.07	-100.1
17.54	-100.8
16.97	-100.86
17.16	-100.84
16.96	-100.91
17.21	-100.76
16.9	-101.02
17.36	-102.04
17.53	-101.45
17.29	-101.99
17.06	-100.95
16.93	-100.98
17	-100.94
16.96	-100.93
16.98	-100.99
17.11	-101.02
16.83	-101
16.86	-100.96
17	-100.94
16.93	-101.02
16.97	-100.94
16.93	-100.92
16.84	-100.95
16.84	-100.95
17	-100.97
16.96	-100.97
16.91	-100.95
16.96	-101
16.86	-100.82
16.92	-100.88
16.93	-101.07
17.07	-100.96
16.84	-100.99
16.51	-98.95
15.75	-99.59
16.79	-100.53
16.71	-99.95
17.48	-101.62
16.93	-101
16.91	-100.96
17.46	-101.49
17.36	-101.48
16.48	-98.34
16.97	-100.93
16.97	-100.9
17.06	-100.12
17.18	-100.67
16.53	-98.64
17.01	-100.81
16.84	-100.95
17.02	-100.64
16.88	-100.92
16.73	-99.98
16.99	-100.15
15.93	-98.89
17.15	-101.08
17.13	-100.91
17.11	-100.98
16.8	-100.91
16.55	-98.54
16.65	-99.47
17.09	-101.03
17.14	-100.83
16.95	-100.88
16.91	-100.9
17.14	-101.02
17.21	-100.53
16.49	-98.46
16.39	-98.48
16.02	-98.82
15.88	-98.89
15.91	-98.88
18.07	-101.66
16.97	-100.44
16.17	-99.01
16.44	-98.6
17.09	-100.78
17.1	-101.09
17.31	-101.66
17.47	-101.55
16.32	-98.54
17.13	-100.72
18.04	-100.1
16.77	-100.82
17.49	-101.52
17	-100.82
16.96	-98.58
17.42	-101.36
16.61	-100.49
16.73	-100.43
16.59	-100.53
17.29	-101.56
17.11	-100.78
16.41	-98.56
16.68	-100.13
16.36	-100.06
17.05	-101.08
16.95	-100.9
17.09	-101
16.85	-100.57
16.47	-98.46
16.56	-98.48
16.31	-98.48
16.74	-99.69
17.13	-100.32
17.2	-101.35
17.08	-101.06
17.15	-101.28
17.42	-101.45
16.96	-100.21
16.61	-100.42
17.14	-101
16.84	-100.19
16.98	-100.76
16.82	-100.79
16.18	-99.73
16.42	-100.27
16.48	-100.4
16.49	-100.4
16.56	-100.32
17.1	-101.42
17.8	-99.97
17.46	-101.63
17.18	-100.95
16.4	-98.46
16.91	-100.47
16.89	-100.75
17.21	-100.95
16.7	-99.49
17.54	-101.73
16.88	-100.34
17.23	-101.29
17.27	-101.23
17.58	-101.25
17.52	-101.36
17.41	-101.53
17.51	-101.28
17.58	-101.31
17.1	-99.88
16.73	-100.37
16.77	-100.36
16.78	-100.37
16.84	-100.3
16.78	-100.37
16.8	-100.36
16.76	-100.32
16.78	-100.34
17.16	-100.39
17.44	-101.43
17.05	-99.88
17.16	-100.95
17.39	-100.66
16.84	-100.42
17.12	-101.45
17.21	-101.35
17.35	-101.33
17.84	-101.47
17.33	-101.29
16.81	-100.13
17.32	-101.44
17.38	-101.69
17.02	-101.15
17.36	-101.34
16.99	-100.54
16.32	-101.23
17.21	-101.3
17.42	-101.41
17.35	-101.32
15.94	-99.16
17.09	-99.89
17.17	-100.74
17.28	-101.4
17.45	-101.55
17.45	-101.26
17.45	-101.36
17.55	-101.24
17.24	-101.24
17.24	-101.26
16.42	-98.61
17.4	-100.37
17.35	-101.34
17.03	-100
17.49	-101.18
17.6	-101.67
17.5	-101.34
17.43	-101.39
16.45	-98.64
17.37	-101.31
16.61	-100.6
17.68	-101.39
17.44	-101.41
17.01	-100.87
16.33	-99.62
16.55	-98.21
17.38	-101.42
17.4	-101.34
17.02	-100.75
17.42	-101.4
17.61	-101.13
17.96	-101.61
17.28	-101.49
17.13	-101.7
16.92	-100.09
17.33	-100.61
17.46	-101.33
17.19	-100.93
17.3	-101.24
16.75	-100.18
17.14	-101.35
17.26	-101.2
17.09	-101.02
17.4	-101.19
16.88	-100.3
16.79	-99.96
17.41	-101.32
17.63	-101.06
16.23	-98.95
17.36	-101.4
17.4	-101.44
17.39	-101.41
17.24	-101.67
17.39	-101.57
16.58	-98.45
17.08	-101.31
17.17	-101.22
17.25	-100.99
17.28	-101.17
17.33	-100.68
16.58	-99.63
17.48	-101.75
17.39	-101.48
17.32	-101.31
17.1	-100.44
17.78	-101.41
17.03	-101.48
17.33	-101.23
17.34	-101.75
17.36	-101.65
16.79	-100.19
16.94	-100.74
17.29	-99.75
16.96	-100.91
17.39	-101.61
17.05	-100.76
16.97	-101.2
15.75	-99.02
17	-100.29
16.9	-100.31
17.26	-101.05
17.34	-101.42
17.28	-100.74
17.4	-101.42
16.45	-98.68
17.09	-101.04
17.09	-101.25
16.91	-99.1
17.37	-101.42
17.32	-101.24
17.33	-101.28
17.08	-101.58
16.59	-99.04
17.43	-101.59
17.34	-101.31
16.01	-98.99
16.52	-100.12
17.36	-101.32
17.41	-101.51
17.41	-101.41
17.66	-101.26
17.29	-101.13
18.14	-100.81
17.22	-101.73
17.12	-100.99
17.28	-101.26
15.9	-99.32
17.4	-101.44
16.28	-99.52
16.35	-99.52
17.41	-101.56
17.43	-101.54
16.96	-99.59
17.31	-101.94
16.99	-99.65
16.28	-99.44
17.15	-100.96
17.14	-100.97
16.98	-99.93
16.44	-98.48
16.49	-98.98
16.1	-98.79
18.21	-101.36
16.95	-100.47
16.51	-98.71
17.91	-98.38
17.34	-101.45
17.73	-101.29
17.07	-101.06
16.79	-99.5
17.81	-101.21
17.68	-101.27
17.02	-100.54
17.41	-101.48
17.31	-101.26
17.38	-101.46
17.15	-101.34
17.38	-101.4
17.58	-100.91
17.61	-101.1
17.3	-100.75
17.27	-101.23
16.13	-98.81
17.03	-100.46
16.38	-98.43
17.03	-99.24
17.35	-101.31
16.36	-98.62
16.46	-98.49
16.88	-100.95
16.53	-99.27
17.42	-101.37
17.17	-101.41
17.31	-101.53
17.54	-101.72
16.52	-98.98
16.94	-100.98
16.57	-98.66
17.64	-101.58
16.78	-100.98
16.36	-100.77
16.59	-100.47
16.57	-100.53
17.64	-101.36
16.52	-98.97
17.75	-101.27
17.57	-101.35
17.22	-101.2
17.7	-101.14
17.83	-101.62
16.87	-101.2
17.06	-101.27
16.95	-101.13
16.02	-99.03
16.05	-98.89
17.38	-100.84
16.14	-98.87
16.05	-98.93
16.48	-98.51
17.81	-101.06
17.16	-99.92
16.48	-98.27
16.4	-98.66
16.47	-99.97
16.78	-99.79
16.59	-98.19
16.4	-98.67
16.99	-101.08
16.52	-100.23
17.1	-100.94
17.3	-101.52
17.9	-101.54
17.76	-101.71
18.32	-100.97
17.01	-101.05
16.84	-100.06
16.5	-98.43
16.66	-99.69
17.25	-101.31
17.16	-101.05
17.5	-101.33
17.76	-101.28
16.29	-98.49
17.02	-101.33
17.09	-100.84
16.55	-99.46
17.28	-100.72
17.51	-101.18
16.54	-98.48
16.07	-98.72
16.43	-98.31
17.38	-101.2
17.4	-101.22
17.65	-100.92
17.34	-101.06
16.67	-99.88
16.37	-98.43
17.11	-100.13
16.49	-98.47
17.1	-101.39
16.51	-98.42
17.26	-101.39
17.56	-101.26
16.91	-100.14
17.64	-101.2
16.53	-100.21
17.37	-101.41
17.38	-101.3
17.02	-100.64
17.39	-101.43
17.46	-101.6
16.64	-98.13
16.97	-99.28
15.93	-98.97
17.11	-100.39
17.42	-101.32
16.92	-100.07
17.01	-100.55
17.46	-101.43
16.06	-98.85
17.18	-100.56
18.09	-101.53
17.18	-99.73
17.18	-99.99
17.26	-101.27
17.3	-101.27
16.87	-99.97
16.01	-98.79
17.36	-101.41
17.02	-99.37
17.21	-101.23
17.11	-101.12
16.57	-98.46
17.28	-101.21
17.42	-101.42
17.36	-101.33
17.38	-101.44
16.34	-99.69
16.9	-100.47
17.17	-100.05
16.48	-98.32
17.15	-100.78
17.32	-101.4
17.1	-100.66
17.48	-101.34
17.31	-101.31
17.12	-100.98
17.23	-99.94
17.48	-101.48
16.58	-99.85
16.35	-98.48
16.93	-99.6
17.08	-100.99
16.61	-99.16
17.45	-101.37
17.4	-101.46
16.84	-98.92
16.36	-98.82
17.21	-100.33
16.95	-100.4
16.59	-98.42
16	-99.14
16.81	-100.07
16.52	-100.47
17.3	-101.27
17.61	-101.1
16.9	-100.31
16.91	-100.46
16.53	-98.42
17.38	-101.23
17.1	-100.75
18.17	-100.83
16.42	-98.48
17.35	-101.44
16.77	-99.96
17.35	-100.51
17.42	-100.86
17.39	-101.33
17.21	-99.47
17.12	-101.42
17.06	-100.63
16.32	-98.48
16.48	-98.41
16.44	-98.35
16.48	-98.48
17.77	-101.3
17.04	-100.62
16.84	-100.2
17.46	-101.31
17.74	-101.79
17.19	-100.3
17.13	-100.44
17.29	-101.1
17.29	-101.08
17.72	-101.21
17.3	-101.36
16.55	-98.26
17.74	-101.86
17.51	-100.84
17.93	-101.69
16.53	-99.07
17	-98.99
16.13	-98.87
16.55	-98.5
17.52	-101.34
17.64	-101.44
16.45	-98.65
17.38	-99.72
16.5	-98.48
16.57	-98.44
16.35	-98.58
16.85	-100.26
16.85	-100.18
17.29	-100.39
16.56	-100.75
17.59	-101.93
16.67	-100.82
16.97	-100.2
18.05	-100.09
16.9	-99.9
17.61	-101.54
16.86	-100.06
16.61	-98.43
17.46	-101.4
17.13	-100.95
17.38	-101.46
17.76	-101.69
17.41	-101.67
18.04	-100.5
16.92	-100.06
17.86	-101.66
16.88	-100.11
16.51	-98.43
17.06	-99.95
16.84	-100.12
17.43	-101.32
17.36	-101.4
17.86	-101.51
16.86	-100.5
17.2	-101.46
17.26	-101.1
16.53	-98.48
17.31	-101.36
17.48	-101.65
17.59	-101.27
17.83	-100.62
16.73	-99.69
16.87	-98.36
16.77	-101.07
16.81	-100.12
17.08	-100.67
17.66	-101.69
16.84	-100.32
16.5	-99.26
17.18	-100.65
17.21	-100.32
16.93	-100.46
16.93	-100.44
17.24	-101.27
17.11	-100.04
16.63	-98.44
16.38	-98.37
16.79	-99.01
16.97	-100.02
16.91	-98.82
17.23	-101.16
16.53	-99.43
17.23	-100.27
18	-101.33
16.76	-98.18
16.95	-100.68
16.86	-100.9
17.75	-101.31
16.62	-98.42
17.09	-101.07
17.32	-101.38
18.09	-100.56
17.15	-101.37
16.64	-100.25
17.18	-101.38
17.02	-100.67
17.29	-100.73
17.33	-101.25
17.02	-100.62
17.21	-101.1
16.46	-98.53
16.08	-98.76
16.74	-99.68
17.82	-101.23
17.09	-101.49
16.84	-100.26
18	-100.53
17.23	-100.93
17.17	-101.41
16.35	-98.48
17.19	-101.49
16.31	-98.48
16.96	-101.52
16.99	-101.47
17.23	-100.94
16.83	-100.19
16.65	-100.56
15.82	-99.33
17.14	-99.9
16.09	-99.16
15.69	-99.55
15.11	-100.14
16.43	-98.68
16.56	-98.42
17.17	-100.58
16.04	-99.2
16.57	-98.97
17.36	-101.36
16.72	-99.27
16.87	-100.28
15.69	-99.27
16.64	-99.95
16.95	-100.42
17.68	-101.25
18.16	-100.8
16.81	-100.93
16.51	-98.41
16.42	-99.04
17.68	-101.68
16.5	-98.44
17.67	-101.48
17.38	-101.45
16.76	-99.69
17.71	-101.63
15.92	-98.99
17.25	-101.38
16.45	-98.4
16.92	-101.64
17.22	-100.78
17.19	-101.05
17.06	-101.43
16.83	-100.42
16.83	-100.11
18.23	-100.26
16.86	-98.93
17.14	-101.39
17.4	-101.35
16.47	-98.77
17.28	-100.5
17.07	-100.71
17.38	-101.41
16.84	-100.14
17.43	-101.21
16.87	-101.3
17.38	-101.45
17.75	-101.81
16.92	-100.07
17.58	-100.99
17.25	-100.49
16.95	-100.01
17.22	-100.38
17.32	-100.72
16.42	-98.35
16.8	-100.27
16.67	-98.41
17.97	-100.24
16.34	-98.57
17.3	-100.41
17.2	-101.47
17.01	-99.79
17.08	-101.15
17.42	-101.42
17.28	-101.22
17.97	-101.76
16.68	-98.09
17.29	-101.26
17.3	-101.26
17.38	-101.42
16.63	-100.44
16.68	-99.76
16.47	-98.35
17.14	-100.76
17.22	-101.62
16.88	-100.1
17.44	-101.74
17.65	-101.58
16	-98.89
17.45	-101.52
17.84	-99.27
17.41	-101.56
17.39	-101.43
17.19	-99.32
17.06	-100.21
17.92	-100.51
17.86	-99.69
17.28	-102.03
17.31	-100.86
17.02	-101.15
17.3	-101.24
17.41	-100.34
17.22	-100.26
17.49	-101
17.41	-101.42
17.42	-101.28
17.3	-100.85
16.7	-99.88
17.48	-101.36
16.66	-99.83
16.69	-99.8
17.16	-100.44
16.99	-100.13
16.83	-100.2
16.81	-100.19
16.8	-100.25
16.76	-100.54
16.73	-100.51
17.1	-100.17
17.07	-99.87
17.25	-100.41
17.47	-101.13
17.35	-101.27
17.97	-100.71
17.43	-101.5
17.55	-101.64
16.5	-98.43
16.46	-98.49
18.28	-100.84
17.1	-100.13
16.04	-98.73
16.84	-98.74
17.34	-101.43
16.52	-98.42
16.79	-99.61
18.16	-100.35
16.97	-100.52
16.57	-98.69
16.64	-98.61
16	-98.93
18.14	-100.27
16.82	-100.35
17.67	-101.87
18.1	-99.21
17.88	-100.42
16.71	-98.21
17.47	-101.63
16.88	-100.46
17.39	-101.44
17.38	-101.49
16.56	-98.46
17.19	-101.03
16.85	-100.12
16.95	-99.93
16.93	-100.17
17.38	-101.58
18.02	-101.58
17.43	-101.44
16.61	-99.94
17.03	-99.98
16.95	-100.73
17.38	-101.49
16.54	-99.29
16.69	-98.78
15.92	-99.48
17.78	-99.49
17.22	-100.12
17.08	-100.76
16.41	-98.4
16.59	-99.35
17.45	-101.6
17.56	-101.36
16.75	-100.98
16.73	-99.75
16.1	-99.12
16.12	-99.12
16.67	-100.98
16.61	-99.51
17.39	-101
17.16	-100.92
17.39	-101.44
16.56	-98.46
18.21	-100.5
16.79	-98.45
16.88	-100.44
16.91	-100.38
16.53	-100.16
16.97	-100.35
17.4	-101.61
17.45	-101.79
17.37	-101.7
16.48	-99.25
16.31	-98.5
17.02	-99.88
17.01	-100.1
16.62	-98.61
17.43	-101.4
16.7	-99.33
16.96	-100.09
17.85	-101.4
17.02	-99.6
17.27	-101.33
17.09	-101.26
17.99	-101.68
16.93	-100.85
16.97	-99.79
17.17	-100.89
17.02	-100.62
17.73	-101.58
16.85	-98.86
16.47	-99.52
16.62	-99.46
16.89	-100.8
16.97	-100.77
16.49	-99.53
16.39	-99.57
16.48	-100.37
17.16	-100.4
17.31	-101.08
17.38	-101.32
16.98	-100.28
16.45	-98.4
16.55	-98.46
16.07	-99.71
17.73	-100.53
16.49	-98.77
18.06	-100.57
16.77	-100.79
17.426	-101.436
16.226	-99.157
17.47	-100.97
16.42	-98.37
16.55	-99.26
16.67	-98.89
17.13	-101.02
16.48	-98.89
17.17	-101.25
16.64	-100.38
17.15	-100.35
16.78	-99.67
17.31	-101.47
17.39	-101.43
16.83	-99.46
16.66	-99.5
16.39	-98.48
17.16	-101.24
16.84	-100.23
17.01	-100.45
17.15	-100.84
16.92	-100.41
16.98	-100.25
16.96	-100.15
17.52	-101.75
16.95	-102.28
16.98	-100.54
17.29	-101.61
16.53	-98.62
16.76	-98.5
17.04	-100.39
17.28	-100.44
17.45	-101.34
17.46	-101.61
17.97	-99.16
17.19	-101.66
16.34	-98.68
16.84	-99.6
17.46	-101.62
16.83	-98.44
17.14	-100
17.19	-101.57
17.43	-101.74
16.54	-100.4
17.4	-101.7
17.31	-101.49
18.4	-99.87
17.67	-101.67
17.35	-100.69
16.83	-100.49
16.63	-99.91
17.37	-101.5
17.83	-101.73
17.21	-101.14
17.27	-101.21
17.39	-101.56
17.37	-101.29
16.3	-98.55
17.38	-101.73
16.92	-100.52
17.48	-101.13
17.96	-101.6
17.15	-101.4
17.75	-101.72
17.4	-101.65
17.02	-100.65
16.96	-100.44
17.39	-101.36
16.68	-99.47
17.32	-100.95
18	-100.95
17.11	-100.94
17.08	-101
17.37	-101.32
16.42	-98.8
16.59	-98.46
17.82	-101.22
16.67	-98.31
17.86	-98.78
17.4	-101.54
18.12	-100.14
17.84	-100.88
17.77	-101.73
16.5	-98.41
16.24	-98.87
16.7	-98.04
17.41	-101.54
16.53	-98.48
16.98	-99.05
17.35	-100.83
16.72	-100.48
17.07	-98.85
17.17	-100
16.52	-98.26
16.93	-100.4
16.79	-99.48
17.77	-101.53
17.04	-99.28
17.21	-100.82
18.17	-100.36
16.88	-100.27
17.12	-101.07
17.18	-100.37
16.82	-100.95
16.51	-98.47
16.56	-98.47
18.02	-99.72
17.44	-100.78
16.43	-98.43
16.83	-100.14
17.88	-98.57
17.07	-101.12
17.85	-101.61
16.86	-99.2
16.58	-98.51
17.23	-100.94
17.26	-101.22
16.7	-98.31
18	-100
16.42	-98.45
16.7	-99.62
17.29	-101.58
17.1	-100.23
17.13	-100.99
16.76	-99.43
16.66	-100.24
16.87	-100.39
16.5	-98.39
18.19	-100.49
17.43	-101.41
16.66	-100.26
16.6	-100.4
17.32	-101.33
17.23	-101.13
17.14	-101
16.9	-100.37
16.04	-98.81
17.41	-101.54
17.23	-101.11
16.46	-98.41
17.74	-101.19
17.31	-101.28
16.74	-98.88
16.54	-98.48
16.52	-98.45
17.01	-100.15
17	-100.17
18.22	-100.71
16.9	-100.34
16.93	-99.12
18.32	-99.51
17.2	-101.35
17.12	-99.93
16.47	-99.05
17.47	-101.45
16.52	-99.02
16.53	-99.25
16.9	-100.35
16.43	-98.59
16.47	-98.43
17.32	-101.65
17.39	-101.35
17.42	-101.34
17.67	-101.28
17.32	-101.26
17	-100.46
17.15	-101.37
16.52	-98.97
16.86	-100.36
16.51	-98.48
16.96	-100.34
17.38	-100.79
16.58	-98.61
17.19	-101.52
16.32	-98.67
17.27	-101.22
16.77	-100.14
16.26	-99.09
16.82	-98.89
18.06	-99.71
17.39	-101.44
17.05	-100.66
17.42	-101.6
16.93	-100.31
17.41	-101.61
16.95	-100.79
16.38	-98.94
16.37	-98.93
16.38	-98.94
16.38	-98.95
16.36	-98.96
16.3	-99
16.29	-99.01
17.92	-101.5
16.82	-100.24
16.94	-100.81
17.33	-101.31
16.3	-99.73
17.44	-101.37
16.95	-100.47
17.17	-99.75
16.7	-100.26
17.97	-100.09
17	-100.21
16.11	-98.67
18.09	-100.08
17.06	-100.63
16.57	-99.7
17.36	-100.94
17.11	-100.68
17.09	-100.62
16.71	-100.27
17.13	-101.42
16.42	-98.76
16.6	-98.54
16.97	-100.41
16.5	-99.08
16.51	-99.06
16.43	-98.59
17.27	-101.64
16.49	-98.55
16.42	-98.66
17.23	-101.21
16.11	-98.88
17.52	-101.11
17.36	-101.41
16.48	-99.2
16.78	-99.83
16.6	-98.43
16.46	-98.41
17.23	-101.58
17.26	-101.49
16.16	-99.66
15.94	-98.85
16.29	-98.5
16.54	-99.19
16.89	-100.28
17.88	-101.67
16.12	-99.18
16.03	-99.2
16.5	-98.43
17.45	-101.48
16.03	-99.27
16.11	-99.4
18.27	-100.5
16.99	-100.32
17.07	-101.55
16.99	-101.66
17.06	-101.17
17.23	-101.03
16.45	-98.58
16.32	-98.48
17.38	-101.37
17.31	-100.72
17.24	-101.48
16.44	-98.76
17.32	-101.29
17.25	-101.26
17.25	-100.49
16.56	-98.5
17.44	-101.21
17.48	-101.22
17.09	-100.75
17.63	-101.62
17.06	-101
16.91	-100.38
16.41	-98.45
16.91	-100.3
16.9	-100.36
16.46	-98.6
16.48	-98.46
16.56	-98.47
17.38	-100.68
16.22	-98.59
17.44	-100.97
17.33	-101.26
16.57	-100.37
16.49	-100.2
16.52	-100.15
16.6	-100.19
15.97	-98.83
16.81	-100.37
17.08	-99.86
17.14	-100.85
16.06	-98.81
15.98	-98.82
16.05	-98.82
16.95	-99.66
16.5	-98.25
16.08	-98.8
17.21	-100
16.37	-98.61
16.8	-98.99
16.8	-100.25
17.36	-101.33
17.29	-101.26
16.45	-98.66
16.59	-99.56
16.58	-99.57
17.44	-101.25
16.84	-100.15
16.31	-98.47
16.99	-100.67
17	-100.48
16.55	-98.4
16.46	-98.68
18.1	-99.97
17.7	-101.74
18.19	-100.19
17.04	-100.17
18.11	-100.54
17.52	-101.42
16.94	-100.35
16.38	-99.24
16.42	-99.35
16.51	-98.47
17.39	-101.43
17.41	-100.87
16.53	-98.46
16.7	-98.74
17.3	-101.69
16.85	-101.73
17.71	-100.63
16.35	-98.5
16.91	-100.77
17.4	-101.65
16.44	-98.46
16.57	-98.64
16.92	-100.5
17.63	-101.04
16.03	-99.05
16.95	-100.51
17.08	-100.33
16.96	-100.06
17.27	-101.19
17.09	-99.53
16.6	-99.72
17.59	-101.16
16.5	-99.86
16.13	-98.86
16.58	-98.67
17.95	-101.59
16.53	-98.4
16.78	-100.07
17.37	-101.41
16.46	-100.9
16.52	-98.5
17.19	-100.59
16.84	-102.13
17.37	-101.43
16.54	-98.9
16.6	-98.6
16.03	-98.82
16.52	-98.44
17.44	-101.53
16.91	-98.4
17.68	-100.85
16.92	-100.15
16.22	-99.65
15.97	-98.83
16.13	-98.63
17.38	-99.82
17.28	-100.39
17.98	-101.4
17.35	-101.29
16.64	-98.39
16.27	-99.66
16.29	-99.8
16.35	-99.73
17.18	-101.03
16.37	-98.97
17.38	-99.31
17.14	-100.93
17.48	-101.57
17.38	-101.41
18.05	-101.28
16.42	-98.46
18.26	-101.6
16.21	-100.05
17.11	-101.22
16.77	-99.3
16.44	-98.52
17.04	-99
16.93	-100.53
16.94	-100.53
16.78	-100.27
16.95	-100.51
16.94	-100.51
17.15	-100.11
15.55	-100.03
18	-99.91
17.14	-101.17
16.59	-98.28
17.42	-101.58
17.92	-99.92
16.44	-98.48
18.33	-100.12
17.19	-99.79
16.42	-98.52
18.1	-100.3
16.41	-98.55
17.75	-100.41
17.08	-100.18
16.48	-98.63
16.83	-99.91
16.71	-98.43
16.14	-98.65
17.78	-101.55
16.86	-100.08
17.41	-101.36
16.49	-98.49
17.11	-100.82
17.98	-99.53
16.88	-100.7
16.62	-98.68
17.93	-101.77
17.99	-101.64
17.36	-100.99
16.95	-100.5
16.91	-100.46
16.97	-100.52
16.8	-100.15
17.42	-101.68
17.88	-98.35
17.36	-100.63
16.95	-100.08
16.88	-99.75
17.27	-101.15
16.419	-98.588
18.16	-100.86
16.91	-100.51
16.83	-100.26
16.86	-100.54
17.43	-101.44
17.87	-101.83
16.54	-98.89
16.05	-98.76
17.17	-99.8
16.69	-100.95
18.27	-99.74
16.26	-99.91
17.2	-100.94
17.42	-101.77
16.41	-98.47
17.35	-100.94
16.62	-99.6
17.16	-101.56
16.79	-100.18
16.92	-100.12
17.14	-101.23
16.96	-99.93
17.07	-101
17.68	-101.75
17.96	-101.6
16.53	-98.4
16.66	-99.62
16.35	-98.5
16.81	-100.13
16.52	-99.47
16.69	-99.51
17.15	-101.21
17.31	-101.26
15.97	-98.86
16.57	-98.67
17.36	-101.34
16.83	-100.11
16.72	-98.16
16.55	-98.48
16.61	-98.17
16.56	-99.64
17.23	-99.91
17.17	-100.89
17	-99.83
16.81	-100.14
16.94	-100.52
16.78	-100.89
18.12	-100.85
16.38	-98.67
16.9	-100.33
16.66	-101.03
16.67	-101.01
16.37	-98.42
16.36	-98.42
16.46	-99.19
16.51	-99.47
15.91	-99.21
16.45	-99.18
17.44	-101.2
16.49	-99.1
16.38	-98.44
16.43	-99.23
17.41	-101.49
17.34	-101.36
16.46	-99.18
16.73	-99.05
16.46	-99.17
17.92	-101.73
17.54	-101.54
17.83	-100.84
17.9	-101.8
17.12	-100.97
16.18	-98.7
17.81	-101.43
16.56	-99.24
17.05	-98.88
16.66	-99.57
16.04	-98.92
18.02	-100.4
16.83	-100.21
16.24	-99.41
17.79	-100.38
17.39	-101.48
16.52	-98.45
17.51	-101.08
16.52	-98.77
16.65	-100.26
16.48	-99.02
17.8	-100.37
16.76	-100.27
16.83	-99.78
16.45	-98.59
16.71	-99.43
16.82	-100.16
16.32	-98.48
17.52	-101.15
17.04	-100.31
15.81	-99.97
16.87	-100.13
17.24	-100.18
17	-99.64
17.01	-99.99
16.37	-98.86
16.37	-98.94
16.28	-99.04
16.29	-98.9
16.34	-98.86
16.32	-98.93
16.34	-98.97
17.98	-101.71
16.37	-101.04
16.07	-98.77
18.16	-100.81
16.35	-98.91
16.34	-98.93
16.34	-98.93
15.94	-98.87
15.94	-98.83
16.01	-98.86
16.34	-98.91
16.67	-99.73
16.99	-100.09
16.35	-98.81
16.55	-98.22
16.32	-98.49
16.68	-99.3
17.01	-100.19
17.54	-101.82
16.36	-98.49
17.45	-101.51
18.23	-100.77
16.82	-100.1
16.75	-99.93
16.33	-98.93
16.34	-98.94
16.3	-99.01
17.44	-101.79
17.53	-101.78
17.11	-100.29
17.06	-100.58
16.65	-98.12
17.12	-100.38
16.42	-98.5
16.92	-99.79
18.16	-99.77
17.54	-101.15
17.16	-101.17
17.95	-101.59
16.66	-100.19
16.05	-98.72
17.16	-100.08
16.11	-98.65
16.94	-100.1
16.56	-98.47
16.7	-100.26
17.18	-100.26
16.54	-98.47
18.05	-100.5
17.32	-101.39
17.2	-100.15
16.25	-98.92
16.2	-98.98
16.22	-98.93
16.2	-98.99
17.39	-101.52
16.14	-99
17.28	-101.36
16.84	-100.11
16.24	-98.88
17.28	-100.46
16.25	-98.83
16.26	-98.79
16.45	-98.37
16.24	-98.89
16.71	-99.72
16.51	-98.48
16.15	-99.02
17.05	-98.55
17.45	-101.5
16.23	-98.86
16.56	-98.46
16.5	-98.31
17.81	-101.51
17.37	-101.42
17.34	-101.55
17.36	-101.42
16.85	-100.89
16.83	-100.88
17.38	-101.49
17.27	-101.48
16.64	-98.42
17.33	-101.12
17.88	-100.03
16.63	-99.49
16.29	-99.02
17.03	-98.94
17.82	-98.34
17.12	-100.41
17.13	-100.97
16.33	-98.94
16.34	-98.96
16.59	-98.47
16.4	-98.41
16.34	-99
16.47	-98.6
16.41	-98.41
16.92	-98.48
17.59	-101.57
16.52	-98.5
17.35	-101.32
16.52	-99.58
17.14	-101.46
16.29	-99.01
18.14	-100.71
16.59	-98.63
17.33	-101.3
17.46	-101.47
16.99	-100.27
17.89	-100.48
16.3	-99.12
16.96	-100.09
16.27	-98.81
16.5	-98.48
16.43	-98.49
16.99	-101.54
17.3	-101.53
17.15	-98.99
16.59	-99.28
16.47	-98.42
16.85	-98.9
17.01	-99.18
16.1	-98.8
16.16	-98.91
16.41	-98.77
16.49	-98.32
16.48	-98.47
16.7	-99.67
16.86	-99.77
17.29	-101.29
16.54	-98.73
16.84	-98.54
17.37	-101.42
18.08	-100.33
16.49	-98.62
16.33	-98.44
16.47	-98.47
16.66	-99.68
16.81	-100.16
16.79	-100.11
16.82	-100.14
16.99	-100.02
18.02	-101.64
17.35	-101.4
17.42	-99.48
17.49	-101.84
16.44	-99.07
16.48	-98.47
16.69	-99.47
16.48	-98.44
16.5	-98.25
17.1	-100.14
17.14	-100.43
17.04	-99.67
17.32	-101.41
17.28	-100.62
17.13	-101.52
17.26	-100.52
16.15	-98.92
16.51	-98.56
18.1	-99.86
16.56	-98.49
17.1	-99.67
16.42	-98.39
17.48	-101.77
16.39	-98.39
17.02	-100.66
17.06	-100.97
17.07	-100.98
16.79	-100.49
16.81	-100.54
16.91	-100.64
16.82	-100.55
16.82	-100.51
17.11	-99.98
16.83	-100.4
16.55	-98.47
16.3	-98.67
16.61	-98.5
16.45	-98.3
16.96	-100.03
18	-100.28
18.12	-99.66
17.01	-100.71
16.63	-99.36
16.89	-100.16
16.48	-98.45
16.83	-99.43
16.77	-100.06
17.99	-100.31
17.8	-101.49
16.42	-98.54
16.6	-98.56
17.14	-101.24
17.95	-100.57
17.26	-100.98
16.34	-98.44
16.33	-98.43
17.15	-99.88
15.96	-98.89
16.4	-100.24
17.47	-101.15
16.47	-98.52
16.48	-98.45
16.55	-98.49
17.9	-101.63
17.96	-99.92
16.15	-98.65
16.63	-99.98
16.66	-99.95
18.04	-100.37
16.42	-98.49
17.92	-100.36
17.39	-101.46
17.21	-101.17
16.03	-99.76
17.41	-100.89
17.68	-100.53
16.61	-98.32
18.01	-100.64
16.1	-98.33
16.84	-100.15
16.22	-98.35
17.31	-101.39
16.25	-98.33
16.14	-98.24
17.83	-101.18
17.04	-98.46
18.19	-101.01
16.64	-99.72
16.37	-98.35
16.38	-98.3
16.94	-100.22
16.65	-102.09
16.61	-98.13
16.29	-98.38
16.41	-98.5
16.65	-99.21
17.18	-100.9
17.19	-100.93
16.34	-98.47
16.16	-98.22
16.29	-98.29
15.89	-98.42
17.95	-101.78
16.51	-98.43
16.73	-99.86
17.45	-101.55
16.92	-99.64
16.19	-98.25
16.96	-100.08
16.45	-98.49
16.24	-98.25
16.37	-98.26
18.01	-99.49
16	-98.63
16.84	-99.86
16.55	-98.49
17.19	-101.07
16.9	-100.23
17.73	-101.41
16	-98.83
16.94	-98.44
16.42	-98.51
16.91	-100.11
16.8	-99.82
16.9	-100.94
16.86	-100.25
16	-99
15.93	-98.92
15.95	-98.88
16.99	-100.92
16.77	-100.9
16.96	-100.93
16.5	-98.4
17.6	-101.69
17.37	-101.34
17.78	-101.56
16.54	-99.28
17.67	-101.43
16.55	-98.71
16.83	-99.14
16.76	-99.77
16.77	-99.41
17.33	-101.65
16.89	-100.43
16.57	-99.42
16.52	-98.57
16.39	-98.49
17.8	-101.09
17.15	-101.46
17.14	-101.46
17.13	-101.47
17.15	-101.47
17.12	-101.48
17.15	-101.46
16.44	-98.42
17.11	-101.48
17.12	-101.46
17.15	-101.47
17.99	-99.55
17.13	-101.47
16.35	-98.51
17.06	-100.6
16.15	-98.7
16.61	-98.51
17.91	-100.13
17.22	-101.1
16.97	-100.18
16.53	-100.24
17.33	-101.35
17.23	-100.97
17.31	-101.41
16.59	-98.53
16.52	-98.48
16.85	-99.62
17.14	-100.99
17.23	-100.73
17.42	-100.81
16.74	-99.62
17.3	-100.51
17.2	-100.95
17.32	-101.25
16.92	-99.78
16.97	-100.25
18.13	-100.69
16.58	-98.47
16.36	-98.39
16.81	-100.12
16.33	-98.98
16.72	-99.76
16.2	-99.41
17.95	-101.54
16.65	-100
16.71	-99.86
16.69	-99.85
16.72	-99.47
16.48	-98.46
16.6	-99.66
17.55	-101.29
18.24	-100.55
17.37	-101.42
17.31	-101.25
17.33	-100.61
16.24	-98.72
16.19	-98.73
16.27	-98.74
16.53	-98.47
16.92	-100.55
16.53	-98.42
16.52	-99.7
16.46	-98.95
16.69	-99.46
16.55	-99.26
16.56	-98.99
17.42	-101.67
16.47	-99.31
17.31	-101.42
15.66	-99.43
16.86	-100.72
17.05	-100.87
16.41	-98.46
16.8	-100.76
16.9	-100.75
16.4	-98.49
17.41	-101.4
18.17	-100.35
17.97	-100.75
16.42	-98.45
17.17	-99.93
17.17	-99.9
16.34	-98.62
17	-100.34
16.52	-98.56
17.43	-101.56
16.69	-98.59
18.03	-100.85
17.92	-101.45
16.56	-98.49
17.28	-100.22
16.41	-98.57
16.46	-98.45
17.37	-101.17
18.03	-101.72
16.42	-98.52
16.75	-100.16
16.93	-99.54
17.13	-100.99
18.3	-100.04
17.4	-100.9
17.02	-99.99
17.39	-101.39
17.03	-99.9
17.08	-100.01
16.51	-98.65
16.84	-100.19
17.38	-101.71
16.52	-98.5
17.85	-101.58
17.19	-100.9
17.78	-98.59
16.5	-98.76
16.85	-99.76
16.21	-98.76
17.35	-100.47
17.27	-100.16
17.67	-101.72
16.27	-98.91
17.36	-101.3
18.09	-99.62
16.95	-100.03
17.13	-100.02
16.62	-98.53
18.01	-99.57
16.21	-98.8
16.73	-99.65
16.49	-98.65
18.23	-101.05
17.42	-101.43
16.92	-99.52
16.93	-100.38
16.38	-98.68
16.69	-99.1
16.69	-99.01
16.92	-100.03
17.51	-101.65
16.52	-98.5
17.81	-98.51
16.51	-98.48
16.74	-99.82
16.92	-99.92
17.95	-100.55
16.52	-98.46
17.34	-102.11
16.88	-100.11
17.34	-101.49
17.43	-101.72
16.64	-99.48
17.37	-101.45
16.96	-98.96
17.66	-101.69
17.62	-100.74
17.18	-99.68
17.09	-101.01
16.52	-98.49
16.49	-98.48
17	-100.41
16.85	-99.72
16.77	-99.72
17.31	-101.35
17.19	-101.6
17.08	-100.62
17.17	-100.49
16.65	-99.91
17.31	-101.15
17.93	-98.93
16.9	-99.45
16.7	-99.1
17.16	-100.95
17.76	-101.28
16.9	-99.81
16.86	-99.7
16.82	-99.72
17.09	-101.43
16.81	-99.66
16.85	-100.11
18.24	-99.88
17.16	-101.49
17.11	-101.04
17.03	-101.6
17.04	-101.44
17.01	-101.61
16.83	-100.2
17.1	-101.18
16.47	-98.73
16.75	-99.46
17.03	-99.58
16.37	-99.2
15.86	-99.58
17.14	-99.53
17.75	-100.99
16.03	-99.36
16.49	-98.46
16.41	-99.56
16.52	-98.43
16.88	-100.62
16.55	-98.42
18	-100.75
16.4	-99.54
16.84	-100.31
17.49	-101.74
17.1	-100.19
16.81	-99.51
16.89	-100.18
17.74	-101.27
18.1	-99.68
18.28	-100.08
17.37	-101.29
16.57	-100.59
16.53	-100.63
16.58	-98.73
16.53	-98.65
16.98	-98.93
17.92	-100.3
16.96	-100.11
17.34	-101.41
17.36	-101.32
16.42	-98.35
17.07	-99.01
17.17	-100.18
16.51	-98.68
17.3	-100.75
18.67	-99.64
16.85	-100.42
17.2	-100.3
16.84	-99.6
17.82	-101.34
17.29	-101.1
16.9	-100.1
17.48	-101.29
17.54	-101.11
17.13	-100.36
17.4	-101.39
16.16	-98.67
16.17	-98.66
16.39	-99
16.55	-98.54
16.45	-98.31
17.77	-98.24
17.39	-101.17
17.13	-101.62
17.11	-101.51
16.48	-98.48
17.38	-101.4
17.69	-101.31
16.85	-100.36
16.98	-101.08
17.83	-101.43
16.19	-98.9
16.53	-99.04
17.82	-101.55
17.35	-101.31
16.88	-100.09
16.43	-98.36
17.27	-101.41
16.95	-100.03
16.47	-98.42
16.48	-98.45
16.52	-98.42
17.9	-101.26
16.42	-100.81
16.79	-100.1
17.05	-100.24
17.4	-101.4
16.58	-99.47
17.67	-101.6
16.74	-99.47
16.85	-100.33
16.76	-99.51
18.34	-100.93
18.25	-100.3
16.39	-98.37
16.5	-98.86
16.99	-100.31
17.36	-101.43
17.08	-101.05
16.94	-100.46
16.47	-98.46
17.03	-100.1
17.1	-99.98
17.96	-101.72
18.01	-99.62
16.9	-100.35
17.26	-101.08
17.02	-100.05
16.99	-100.33
16.6	-98.42
17.21	-100.58
18.07	-100.12
16.94	-100.18
17.95	-101.43
17.28	-101.05
16.6	-98.57
16.5	-98.45
16.71	-98.42
16.77	-100.35
16.34	-98.95
16.88	-100.11
17.15	-101.56
16.7	-99.5
16.96	-100.42
17.11	-100.28
16.73	-99.61
